Ear: B
Sound system: Babyface + MixCubeAudiogram left input: NA
Audiogram right input: NA
vowID vowF0 answer correct time_elapsed
  2   1   5   0 3.0622
  2   2   5   0 1.7185
  6   1   5   0 1.1872
  4   3   3   0 4.9218
  7   3   7   1 0.7962
  7   2   7   1 1.9531
  1   1   2   0 1.9529
  7   3   7   1 1.2497
  5   3   6   0 14.4222
  5   1   1   0 1.4057
  5   2   1   0 1.5934
  7   1   7   1 1.9528
  4   2   3   0 2.0312
  7   1   7   1 0.9840
  5   3   5   1 1.2028
  7   2   7   1 2.0622
  1   3   2   0 1.3747
  1   2   2   0 1.0777
  3   1   3   1 3.3592
  3   2   4   0 3.4998
  7   1   7   1 0.8433
  3   1   2   0 2.4995
  3   3   2   0 0.8277
  5   1   5   1 1.2496
  5   2   5   1 1.4996
  4   3   3   0 2.9217
  6   2   1   0 2.4061
  3   3   3   1 2.8904
  6   3   5   0 2.4061
  3   3   3   1 3.6560
  2   3   5   0 2.0469
  6   2   5   0 1.3281
  4   2   2   0 1.8435
  3   3   3   1 2.2969
  1   3   2   0 1.0153
  5   3   5   1 3.3280
  1   1   2   0 3.5937
  2   1   2   1 2.2180
  1   3   3   0 1.8900
  7   1   5   0 1.4994
  3   1   3   1 1.7654
  3   1   3   1 0.8277
  6   1   1   0 2.0623
  6   1   6   1 0.6246
  4   3   3   0 1.5154
  6   3   1   0 2.8434
  6   3   6   1 0.7338
  2   3   1   0 0.5463
  7   2   7   1 1.0466
  2   1   2   1 0.9527
  2   3   1   0 1.1249
  6   2   1   0 0.8126
  6   3   6   1 1.9996
  5   2   5   1 2.4841
  6   1   6   1 2.6248
  5   3   7   0 0.8122
  3   2   3   1 1.4527
  1   2   2   0 1.2496
  2   1   2   1 0.8436
  4   1   3   0 3.1716
  4   3   3   0 2.5469
  1   3   2   0 1.7340
  7   3   7   1 1.5152
  7   2   7   1 0.7968
  3   2   3   1 1.2342
  2   2   2   1 2.0000
  3   2   4   0 1.2184
  2   2   2   1 3.5935
  4   2   4   1 1.5777
  7   3   7   1 0.8904
  2   2   2   1 1.7498
  4   1   4   1 1.2965
  6   2   5   0 2.1716
  1   2   1   1 1.8902
  1   1   2   0 0.7807
  2   3   1   0 2.7809
  5   1   5   1 1.8434
  4   1   4   1 2.0153
  1   1   2   0 2.3904
  1   2   1   1 2.3593
  5   1   5   1 1.5156
  4   2   4   1 1.3278
  4   1   4   1 1.6404
  5   2   5   1 1.1714
