Ear: B
Sound system: Babyface + MixCubeAudiogram left input: NA
Audiogram right input: NA
vowID vowF0 answer correct time_elapsed
  6   3   6   1 2.4683
  5   1   5   1 1.2813
  6   3   6   1 1.8435
  3   2   4   0 1.2340
  5   3   5   1 1.7649
  5   3   5   1 1.0625
  5   2   5   1 1.4997
  5   2   5   1 0.8436
  1   1   2   0 3.9842
  2   2   2   1 1.9532
  2   1   1   0 0.7965
  1   2   2   0 5.9530
  5   1   5   1 0.8900
  4   2   4   1 3.9216
  3   1   4   0 2.8591
  5   1   5   1 1.0462
  7   3   7   1 0.8275
  4   1   3   0 2.8747
  6   1   1   0 2.8903
  6   2   1   0 1.0471
  5   2   5   1 1.1560
  2   1   1   0 1.8906
  3   1   3   1 2.4685
  3   2   4   0 1.1872
  4   2   4   1 1.3115
  6   1   6   1 3.1404
  3   3   4   0 1.3434
  1   1   2   0 2.4686
  4   2   1   0 1.8277
  7   1   7   1 1.0466
  4   2   4   1 2.8907
  6   3   6   1 2.3905
  2   2   1   0 3.2654
  7   2   7   1 0.9060
  6   1   6   1 4.0780
  1   2   1   1 2.5466
  2   3   1   0 12.0471
  1   1   2   0 3.7495
  4   3   3   0 4.5153
  3   1   3   1 1.0786
  7   1   7   1 2.8434
  2   1   2   1 1.3747
  6   2   1   0 2.4219
  5   2   5   1 0.9840
  1   3   4   0 3.4842
  2   1   2   1 1.2342
  7   2   7   1 0.9676
  1   3   2   0 1.4841
  7   2   7   1 0.9056
  2   2   1   0 8.8284
  7   3   7   1 0.9838
  4   1   4   1 1.9220
  7   1   7   1 0.7966
  3   3   4   0 1.8125
  1   3   1   1 2.2654
  6   2   2   0 2.4373
  5   3   7   0 0.9995
  2   2   1   0 1.9841
  3   3   3   1 1.7653
  2   3   3   0 3.4690
  5   1   5   1 1.3438
  7   3   7   1 0.8590
  3   2   4   0 3.0311
  6   2   1   0 5.4840
  4   1   4   1 2.4684
  5   3   5   1 2.8279
  4   3   3   0 1.8277
  1   3   2   0 3.4685
  3   2   4   0 1.4217
  3   3   4   0 0.9216
  6   1   6   1 3.2654
  1   2   2   0 3.1873
  2   3   2   1 2.6560
  1   1   1   1 1.1715
  7   2   7   1 2.2184
  7   1   7   1 0.7963
  1   2   2   0 2.3122
  2   3   2   1 0.8902
  4   3   3   0 1.9997
  4   3   3   0 1.0933
  6   3   6   1 2.3902
  4   1   3   0 1.3591
  3   1   4   0 0.7967
  7   3   7   1 1.1087
