Ear: B
Audiogram left  : NA
Audiogram right : NA
# Keys:
# Consonant_ID  : d=1 g=2 l=3 f=4 th=5 jh=6 p=7 sh=8 t=9 
# Vowel_ID      : IH=1 EH=2 AE=3 
# F0_ID         : high_f0=1 low_f0=2 
# Columns       : Trial Con1 Con2 V1 V2 F01 F02 Ans1V Ans2V Ans3V Ans1C Ans2C Ans3C OneType BothOK RT
1 3 5 3 1 2 2 1 2 -1 1 0 0 0 0 3.2980
2 3 5 1 3 1 1 2 1 -1 1 0 0 0 0 5.6392
3 3 7 1 3 1 2 3 1 -1 1 0 0 0 1 4.0149
4 1 6 3 3 1 2 3 -1 -1 1 0 0 1 1 10.0763
5 3 6 1 3 2 2 1 3 -1 1 0 0 0 1 9.9610
6 3 6 2 2 2 2 2 -1 -1 1 0 0 1 1 6.0660
7 2 2 3 3 1 2 3 -1 -1 1 0 0 1 1 8.1580
8 1 1 3 1 1 2 1 3 -1 1 0 0 0 1 3.5282
9 2 5 2 2 1 2 2 3 -1 1 0 0 0 0 9.0536
10 1 6 1 1 1 2 1 -1 -1 1 0 0 1 1 6.2466
11 1 4 1 3 2 2 3 1 -1 0 1 0 0 1 9.3488
12 1 1 1 3 1 1 3 1 -1 1 0 0 0 1 5.7926
13 3 7 3 3 1 2 3 -1 -1 1 0 0 1 1 2.1944
14 3 1 3 1 2 2 1 3 -1 1 0 0 0 1 9.4529
15 2 9 1 3 1 1 1 2 -1 1 0 0 0 0 5.5131
16 3 1 3 1 1 1 1 3 -1 1 0 0 0 1 4.1296
17 2 9 1 1 1 1 1 2 -1 1 0 0 0 0 13.8193
18 1 8 1 3 1 1 1 3 -1 1 0 0 0 1 5.5856
19 2 5 2 2 1 1 2 -1 -1 1 0 0 1 1 2.2163
20 2 9 1 3 2 2 1 3 -1 1 0 0 0 1 4.2856
21 2 2 3 1 1 1 3 -1 -1 1 0 0 1 0 11.4314
22 3 7 3 1 1 1 1 3 -1 1 0 0 0 1 3.6804
23 1 4 3 1 1 1 1 3 -1 1 0 0 0 1 2.6026
24 3 1 3 3 1 2 3 -1 -1 1 0 0 1 1 5.3756
25 2 5 1 1 1 2 1 -1 -1 1 0 0 1 1 4.4521
26 1 1 1 3 1 2 3 -1 -1 1 0 0 1 0 4.2038
27 3 5 3 3 1 1 2 -1 -1 1 0 0 1 0 3.6709
28 1 8 1 3 2 2 1 3 -1 1 0 0 0 1 3.3098
29 1 8 3 3 1 2 3 3 -1 1 0 0 1 1 4.0214
30 3 5 3 1 1 1 1 -1 -1 1 0 0 1 0 3.8845
31 2 5 1 3 1 1 1 -1 -1 1 0 0 1 0 4.1263
32 2 2 1 3 2 2 3 -1 -1 1 0 0 1 0 10.4212
33 3 5 1 3 1 2 1 3 -1 1 1 0 0 1 8.7646
34 3 7 3 1 1 2 2 3 -1 1 1 0 0 0 6.4099
35 1 6 1 3 1 2 1 3 -1 1 1 0 0 1 5.5800
36 1 6 1 3 2 2 1 3 -1 1 0 0 0 1 8.0350
37 3 5 3 1 1 2 1 -1 -1 1 0 0 1 0 5.4091
38 3 6 3 1 2 2 1 3 -1 1 0 0 0 1 7.0144
39 1 8 1 3 1 2 1 3 -1 1 0 0 0 1 2.9297
40 1 1 3 1 1 1 3 3 -1 1 0 0 1 0 3.1953
41 2 9 3 3 2 2 3 -1 -1 1 0 0 1 1 3.7242
42 3 7 1 1 1 2 1 1 -1 1 0 0 1 1 4.7694
43 2 9 1 1 1 2 1 -1 -1 1 0 0 1 1 3.5844
44 1 6 3 1 2 2 1 3 -1 1 0 0 0 1 3.1661
45 1 4 3 1 2 2 1 3 -1 1 0 0 0 1 4.2920
46 1 8 3 1 1 1 1 3 -1 1 0 0 0 1 2.7391
47 3 1 3 1 1 2 1 3 -1 1 0 0 0 1 2.4756
48 1 1 1 1 1 2 2 -1 -1 1 0 0 1 0 6.6061
49 3 7 1 3 2 2 3 1 -1 1 1 0 0 1 2.8215
50 1 4 1 1 1 2 1 -1 -1 1 0 0 1 1 2.1247
51 1 1 2 2 1 2 2 -1 -1 1 0 0 1 1 2.9068
52 2 2 3 1 2 2 1 3 -1 1 1 0 0 1 5.7959
53 3 1 1 3 1 1 2 3 -1 1 1 0 0 0 2.7576
54 1 1 3 1 2 2 1 3 -1 1 1 0 0 1 6.1122
55 3 7 2 2 1 2 2 2 -1 1 0 0 1 1 2.5912
56 2 5 3 1 2 2 1 3 -1 1 0 0 0 1 2.8840
57 2 5 1 3 2 2 1 2 -1 1 0 0 0 0 3.9724
58 3 6 2 2 1 2 2 -1 -1 1 0 0 1 1 2.1558
59 2 9 3 1 2 2 1 3 -1 1 0 0 0 1 5.0234
60 3 6 1 3 1 1 1 3 -1 1 0 0 0 1 4.2667
61 3 5 2 2 1 2 2 -1 -1 1 0 0 1 1 4.4284
62 1 6 2 2 1 2 2 -1 -1 1 0 0 1 1 2.8767
63 2 2 2 2 1 2 2 -1 -1 1 0 0 1 1 2.1593
64 1 6 3 1 1 1 1 3 -1 1 0 0 0 1 5.8349
65 3 5 1 1 1 2 1 -1 -1 1 0 0 1 1 2.6085
66 1 8 3 1 1 2 1 3 -1 1 0 0 0 1 3.4430
67 1 6 2 2 2 2 2 -1 -1 1 0 0 1 1 2.4099
68 1 4 1 3 1 1 1 2 -1 1 0 0 0 0 5.4528
69 2 9 3 1 1 1 1 2 -1 1 0 0 0 0 4.1856
70 1 4 1 3 1 2 1 2 -1 1 0 0 0 0 3.0267
71 2 5 3 1 1 1 1 2 -1 1 0 0 0 0 3.2577
72 1 1 1 1 1 1 1 -1 -1 1 0 0 1 1 4.5981
73 3 6 3 1 1 2 1 2 -1 1 0 0 0 0 6.7283
74 2 5 3 3 1 2 2 3 -1 1 0 0 0 0 4.0215
75 3 1 1 1 1 2 1 -1 -1 1 0 0 1 1 4.8591
76 3 1 1 3 1 2 3 1 -1 1 1 0 0 1 6.1257
77 3 5 1 3 2 2 1 3 -1 1 0 0 0 1 4.2103
78 2 2 1 3 1 2 3 1 -1 1 0 0 0 1 4.1440
79 2 9 3 1 1 2 1 2 -1 1 0 0 0 0 4.9344
80 1 6 3 1 1 2 1 3 -1 1 1 0 0 1 4.6547
81 3 7 1 3 1 1 1 3 -1 1 1 0 0 1 2.4796
82 1 4 2 2 1 2 2 -1 -1 1 0 0 1 1 2.6751
83 2 5 3 3 2 2 3 -1 -1 1 0 0 1 1 2.7408
84 2 2 1 1 1 2 1 -1 -1 1 0 0 1 1 2.5726
85 1 1 3 3 1 2 3 -1 -1 1 0 0 1 1 2.2113
86 3 7 1 1 1 1 1 -1 -1 1 0 0 1 1 2.2720
87 1 8 2 2 1 2 2 -1 -1 1 0 0 1 1 3.1368
88 2 9 1 3 1 2 3 1 -1 1 1 0 0 1 5.9395
89 2 9 2 2 1 2 2 2 -1 1 0 0 1 1 2.7470
90 2 2 1 3 1 1 3 1 -1 1 0 0 0 1 3.6523
91 1 4 3 1 1 2 1 3 -1 1 0 0 0 1 5.0988
92 3 6 3 1 1 1 1 3 -1 1 0 0 0 1 5.1201
93 1 8 1 1 1 2 1 -1 -1 1 0 0 1 1 2.8646
94 3 6 1 1 1 1 1 -1 -1 1 0 0 1 1 2.4287
95 1 4 3 3 1 2 3 3 -1 1 0 0 1 1 3.4541
96 2 5 3 1 1 2 1 -1 -1 1 0 0 1 0 2.9572
97 3 6 1 1 2 2 1 -1 -1 1 0 0 1 1 2.1571
98 2 9 3 3 1 2 3 -1 -1 1 0 0 1 1 4.3983
99 3 6 1 3 1 2 1 3 -1 1 0 0 0 1 2.5645
100 3 5 3 3 1 2 2 3 -1 1 0 0 0 0 2.7837
101 3 6 1 1 1 2 1 -1 -1 1 0 0 1 1 2.0707
102 2 2 3 1 1 2 1 3 -1 1 0 0 0 1 3.8412
103 1 1 1 3 2 2 1 3 -1 1 1 0 0 1 9.2948
104 1 8 3 1 2 2 1 3 -1 1 0 0 0 1 2.5164
105 3 6 3 3 1 2 3 -1 -1 1 0 0 1 1 8.0420
106 3 7 3 1 2 2 1 3 -1 1 1 0 0 1 5.5188
107 3 1 2 2 1 2 2 -1 -1 1 0 0 1 1 2.3935
108 2 5 1 3 1 2 1 3 -1 1 0 0 0 1 2.7400
109 1 6 1 3 1 1 1 -1 -1 1 0 0 1 0 2.8076
110 3 1 1 3 2 2 1 3 -1 1 1 0 0 1 3.9904
