Ear: R
Sound system: Babyface + MixCubeAudiogram left input: NA
Audiogram right input: NA
vowID vowF0 answer correct time_elapsed
  2   1   2   1 1.1681
  5   3   5   1 1.0934
  7   2   7   1 0.8435
  5   1   5   1 0.7654
  7   3   7   1 0.6871
  2   3   1   0 3.6249
  3   1   3   1 1.6247
  6   3   6   1 3.1559
  4   3   3   0 3.7032
  6   2   6   1 6.7655
  5   2   5   1 1.1091
  4   1   4   1 3.8280
  7   2   7   1 1.0933
  7   3   7   1 1.3434
  1   1   2   0 8.0781
  1   3   1   1 2.0466
  5   2   5   1 1.0466
  2   1   2   1 1.4841
  2   3   1   0 0.7656
  1   3   1   1 2.0933
  7   3   7   1 1.0935
  2   2   2   1 2.0309
  3   1   4   0 3.4684
  3   2   4   0 6.2031
  5   3   5   1 1.2809
  7   3   7   1 0.7652
  2   2   2   1 2.6560
  5   2   5   1 0.9061
  1   1   1   1 2.6247
  2   3   2   1 1.2654
  6   2   6   1 4.0157
  3   3   3   1 4.1561
  1   2   2   0 1.5938
  3   2   3   1 1.4997
  6   3   1   0 1.7029
  3   2   3   1 1.5622
  5   1   5   1 0.9217
  4   2   4   1 3.6560
  4   3   4   1 1.9060
  5   3   5   1 0.8434
  1   3   2   0 2.9998
  4   3   3   0 1.8590
  4   2   4   1 3.4841
  6   1   6   1 2.5459
  3   3   3   1 5.6717
  6   1   6   1 1.1561
  6   3   6   1 0.9685
  4   3   4   1 5.3749
  1   2   1   1 2.5469
  7   1   7   1 1.0309
  7   2   7   1 0.8123
  4   2   4   1 4.9061
  3   3   3   1 1.7342
  7   1   7   1 1.1089
  4   1   4   1 6.7185
  7   1   7   1 1.0778
  6   1   6   1 0.7185
  3   2   4   0 4.1249
  1   2   2   0 2.1716
  1   2   1   1 1.1246
  1   1   2   0 0.7810
  6   2   1   0 2.4842
  4   1   3   0 10.4688
  5   1   5   1 1.2653
  1   3   4   0 2.9530
  5   2   5   1 1.7652
  6   1   6   1 1.9532
  4   2   3   0 4.1251
  2   2   2   1 1.6872
  2   1   2   1 2.6559
  1   1   1   1 1.7492
  6   2   6   1 3.8908
  2   3   1   0 1.7341
  5   1   5   1 9.5782
  2   1   2   1 2.2649
  5   3   5   1 1.5778
  7   2   7   1 0.8591
  3   1   4   0 1.3747
  4   1   4   1 0.9528
  6   3   6   1 1.2966
  7   1   7   1 1.3283
  3   1   3   1 2.5786
  3   3   4   0 0.7809
  2   2   2   1 1.0782
