Ear: B
Sound system: Babyface + MixCubeAudiogram left input: NA
Audiogram right input: NA
vowID vowF0 answer correct time_elapsed
  1   3   1   1 1.9059
  3   1   4   0 1.5000
  7   2   7   1 1.7496
  3   3   4   0 1.1092
  6   1   6   1 2.2808
  1   3   4   0 2.3119
  1   1   2   0 1.6716
  6   3   6   1 1.1876
  3   3   4   0 1.2497
  5   1   5   1 1.4370
  5   3   5   1 1.5622
  4   2   3   0 1.9687
  1   2   1   1 1.8590
  1   3   2   0 1.2182
  5   3   5   1 1.0467
  5   2   5   1 0.6714
  2   1   2   1 2.7337
  7   3   7   1 0.8121
  4   3   3   0 1.7813
  5   2   5   1 1.1403
  4   1   3   0 2.7652
  2   3   2   1 2.0932
  6   2   1   0 1.0936
  7   2   7   1 0.9375
  5   1   5   1 1.1562
  5   2   5   1 0.8121
  4   3   4   1 2.2497
  7   2   7   1 0.8433
  4   2   4   1 2.6403
  2   2   2   1 1.6872
  7   2   7   1 0.8432
  3   3   4   0 1.4374
  6   2   1   0 2.4373
  1   3   1   1 0.8434
  6   2   6   1 2.8436
  5   3   5   1 1.0310
  1   1   2   0 1.5780
  7   3   7   1 1.3751
  3   3   4   0 3.1248
  2   1   2   1 2.3278
  6   3   6   1 0.7809
  7   1   7   1 0.8900
  7   1   7   1 0.8280
  2   3   1   0 1.2652
  6   2   1   0 0.7498
  5   2   5   1 1.1089
  1   1   2   0 2.8902
  4   3   3   0 4.4999
  4   2   3   0 5.1719
  3   1   3   1 0.8748
  7   3   7   1 1.7340
  2   2   2   1 2.1089
  3   2   3   1 4.1712
  2   1   2   1 1.5778
  6   3   6   1 2.1095
  2   3   2   1 2.2184
  3   2   3   1 1.8278
  1   1   4   0 1.3591
  1   2   2   0 1.1875
  3   1   3   1 2.4685
  7   3   7   1 0.8434
  3   2   3   1 1.2338
  5   3   5   1 1.1248
  7   1   7   1 0.7962
  3   2   3   1 5.2187
  4   1   4   1 1.0777
  5   1   5   1 1.2497
  2   2   1   0 2.2188
  5   1   5   1 0.9059
  2   1   2   1 0.9681
  4   3   3   0 1.8590
  4   1   3   0 1.0780
  2   2   2   1 1.5000
  6   3   1   0 0.6559
  4   1   4   1 1.2656
  6   1   6   1 1.2808
  4   2   4   1 1.2651
  6   1   6   1 2.4061
  2   3   1   0 2.9377
  1   2   1   1 1.3121
  1   2   1   1 3.4687
  3   1   4   0 1.9215
  7   1   7   1 1.0152
  6   1   2   0 2.3902
