Ear: L
Sound system: Babyface + MixCubeAudiogram left input: NA
Audiogram right input: NA
vowID vowF0 answer correct time_elapsed
  7   3   7   1 1.0461
  6   3   6   1 3.7343
  7   2   7   1 0.9061
  3   1   4   0 3.1561
  1   3   2   0 2.1091
  1   1   2   0 1.4373
  4   2   4   1 2.9216
  3   3   3   1 1.8124
  3   1   4   0 3.8280
  6   2   6   1 1.4995
  5   1   5   1 1.1564
  5   3   5   1 1.8748
  6   3   6   1 1.4218
  4   1   4   1 6.0468
  7   1   7   1 2.3122
  5   2   5   1 1.4841
  7   2   7   1 1.5150
  6   1   5   0 5.8749
  5   3   5   1 1.5935
  4   1   3   0 3.9685
  2   1   2   1 1.6872
  1   2   1   1 1.1247
  3   3   3   1 2.8278
  7   1   7   1 0.9527
  4   3   4   1 5.9998
  1   2   2   0 3.7029
  1   3   2   0 1.0626
  3   1   3   1 3.4687
  2   2   2   1 1.7491
  2   3   2   1 4.8120
  6   1   6   1 1.0934
  3   3   4   0 4.5473
  4   1   4   1 6.0619
  2   3   2   1 8.0003
  2   2   2   1 1.2809
  2   3   2   1 1.1872
  2   2   2   1 1.1093
  7   2   7   1 1.8123
  5   1   5   1 1.5623
  1   2   2   0 1.4843
  5   2   5   1 0.9843
  4   2   3   0 4.2968
  5   3   5   1 1.0624
  6   3   6   1 1.0777
  6   1   6   1 2.5777
  6   2   1   0 5.4685
  4   3   4   1 5.5155
  1   3   2   0 18.3128
  5   1   5   1 2.0938
  6   1   6   1 0.7494
  4   2   4   1 2.3278
  4   1   3   0 2.5313
  5   3   5   1 0.9838
  4   3   4   1 1.3281
  3   2   3   1 3.6717
  5   2   5   1 1.0780
  1   1   4   0 1.7966
  7   1   7   1 14.5944
  3   2   4   0 3.9216
  1   3   2   0 1.6722
  7   2   7   1 1.0310
  5   2   5   1 1.5934
  2   2   1   0 2.9371
  7   3   7   1 0.8436
  6   2   1   0 1.7185
  4   3   3   0 4.5468
  2   1   2   1 2.2182
  7   3   7   1 1.3907
  7   1   7   1 2.3437
  1   1   2   0 2.9372
  3   2   4   0 2.5466
  1   2   3   0 2.1408
  3   1   4   0 2.8904
  2   1   2   1 1.4997
  1   1   1   1 2.4063
  2   3   2   1 1.1715
  4   2   3   0 2.7972
  3   3   3   1 1.4374
  3   2   3   1 2.0938
  2   1   2   1 1.3586
  7   3   7   1 0.9370
  6   2   6   1 3.1717
  6   3   6   1 1.2183
  5   1   5   1 1.6251
