Ear: L
Audiogram left  : NA
Audiogram right : NA
# Keys:
# Consonant_ID  : d=1 g=2 l=3 f=4 th=5 jh=6 p=7 sh=8 t=9 
# Vowel_ID      : IH=1 EH=2 AE=3 
# F0_ID         : high_f0=1 low_f0=2 # Columns       : Trial Consonant_1_ID Consonant_2_ID Vowel_ID F0_ID Heard_Consonant Answer_vowel Correct Time_elapsed
1 2 9 3 1 1 3 1 0.9878
2 1 4 3 1 1 2 0 0.6777
3 2 2 1 1 1 1 1 0.4742
4 3 7 3 1 1 3 1 0.3709
5 2 5 3 2 1 2 0 0.4881
6 1 8 3 2 1 3 1 0.4606
7 2 2 3 2 1 3 1 0.4436
8 1 6 2 2 1 2 1 0.2051
9 3 5 2 1 1 2 1 0.4530
10 2 9 2 2 1 2 1 0.0627
11 1 6 1 1 1 1 1 0.3530
12 2 2 2 2 1 2 1 0.4622
13 3 5 2 2 1 2 1 0.7342
14 2 5 1 1 1 1 1 0.4135
15 1 8 1 2 1 1 1 0.5039
16 3 1 2 1 1 2 1 0.2773
17 1 4 2 2 1 2 1 0.4700
18 1 1 2 1 1 2 1 0.9384
19 1 6 1 2 1 1 1 0.3902
20 1 8 2 1 1 2 1 0.4568
21 3 1 1 1 1 1 1 0.4106
22 3 7 1 2 1 1 1 0.5381
23 2 5 2 2 1 2 1 0.4747
24 3 6 3 2 1 3 1 0.6642
25 1 4 1 2 1 1 1 0.6073
26 3 5 1 2 1 1 1 0.4194
27 3 6 3 1 1 3 1 0.4118
28 1 1 1 2 1 1 1 0.0542
29 1 8 1 1 1 1 1 0.7661
30 2 9 2 1 1 2 1 0.4417
31 3 7 3 2 1 3 1 0.3975
32 1 4 3 2 1 2 0 0.8716
33 2 2 3 1 1 3 1 0.4267
34 1 4 1 1 1 1 1 1.0982
35 2 9 3 2 1 3 1 0.4092
36 1 8 3 1 1 3 1 0.5005
37 3 1 3 1 1 3 1 0.4107
38 2 9 1 2 1 1 1 0.4951
39 1 6 3 1 1 3 1 0.2804
40 2 2 2 1 1 2 1 0.4674
41 2 9 1 1 1 1 1 0.1397
42 3 1 3 2 1 3 1 0.5587
43 1 1 1 1 1 1 1 0.4959
44 3 6 2 2 1 2 1 0.7211
45 1 6 2 1 1 2 1 0.9399
46 2 5 3 1 1 3 1 0.4212
47 1 6 3 2 1 3 1 0.4859
48 2 2 1 2 1 1 1 0.8964
49 3 7 1 1 1 1 1 0.4369
50 1 1 2 2 1 2 1 0.5610
51 3 5 3 2 1 2 0 0.4838
52 2 5 2 1 1 2 1 0.4842
53 3 6 1 2 1 1 1 0.0420
54 1 1 3 1 1 3 1 0.3070
55 3 1 2 2 1 2 1 0.9187
56 1 1 3 2 1 3 1 0.7949
57 3 5 3 1 1 2 0 0.5818
58 1 4 2 1 1 2 1 1.3079
59 3 1 1 2 1 1 1 0.5238
60 3 6 1 1 1 1 1 0.6121
61 3 5 1 1 1 1 1 0.8775
62 3 7 2 2 1 2 1 0.5004
63 1 8 2 2 1 2 1 0.6455
64 2 5 1 2 1 1 1 0.1949
65 3 6 2 1 1 2 1 0.3996
66 3 7 2 1 1 2 1 0.5229
