Ear: L
Audiogram left  : NA
Audiogram right : NA
# Keys:
# Consonant_ID  : d=1 g=2 l=3 f=4 th=5 jh=6 p=7 sh=8 t=9 
# Vowel_ID      : IH=1 EH=2 AE=3 
# F0_ID         : high_f0=1 low_f0=2 # Columns       : Trial Consonant_1_ID Consonant_2_ID Vowel_ID F0_ID Heard_Consonant Answer_vowel Correct Time_elapsed
1 2 5 2 1 1 3 0 2.0451
2 3 7 2 1 1 2 1 0.6563
3 1 6 2 1 1 2 1 0.9417
4 3 6 1 1 1 1 1 0.1736
5 3 5 2 1 1 2 1 0.6354
6 3 7 3 2 1 3 1 0.4580
7 2 9 2 2 1 2 1 0.5299
8 3 1 3 1 1 3 1 0.3879
9 3 6 3 2 1 3 1 0.4830
10 2 2 1 1 1 1 1 0.7248
11 3 1 1 2 1 1 1 0.4314
12 3 6 1 2 1 1 1 0.3275
13 1 4 2 2 1 2 1 0.6951
14 2 5 3 1 1 3 1 0.6698
15 2 9 3 1 1 3 1 0.4388
16 3 1 1 1 1 1 1 0.3813
17 2 9 2 1 1 2 1 0.3501
18 1 1 2 1 1 2 1 0.4704
19 2 2 1 2 1 1 1 0.3103
20 1 4 2 1 1 2 1 0.4920
21 1 6 1 1 1 1 1 0.4385
22 3 7 1 2 1 1 1 0.4527
23 1 4 1 2 1 1 1 0.4405
24 1 4 1 1 1 1 1 0.4182
25 1 8 3 2 1 3 1 0.2565
26 2 5 1 1 1 1 1 0.3690
27 2 9 1 1 1 1 1 3.6075
28 3 5 1 1 1 1 1 0.4404
29 2 2 3 2 1 3 1 0.2164
30 2 5 1 2 1 1 1 0.5289
31 1 6 2 2 1 2 1 0.7168
32 3 5 3 1 1 3 1 0.3905
33 1 8 3 1 1 3 1 0.5630
34 1 1 1 1 1 1 1 0.4406
35 2 5 2 2 1 2 1 1.1573
36 2 2 2 1 1 2 1 0.6574
37 3 5 2 2 1 2 1 0.5852
38 1 1 3 1 1 3 1 0.5001
39 2 9 3 2 1 3 1 0.5131
40 3 1 2 2 1 2 1 0.4491
41 3 5 3 2 1 2 0 2.1154
42 1 8 1 1 1 1 1 0.4409
43 2 2 3 1 1 3 1 0.6852
44 1 6 1 2 1 1 1 0.5937
45 3 7 3 1 1 3 1 0.4825
46 2 2 2 2 1 2 1 0.6481
47 1 8 1 2 1 1 1 0.5024
48 2 5 3 2 1 2 0 0.6584
49 3 1 2 1 1 1 0 0.4485
50 3 6 2 1 1 2 1 0.5196
51 2 9 1 2 1 1 1 0.5105
52 3 6 3 1 1 3 1 0.4436
53 3 7 2 2 1 2 1 0.4289
54 3 6 2 2 1 2 1 0.4204
55 1 8 2 1 1 2 1 0.5343
56 1 6 3 1 1 3 1 4.2535
57 1 6 3 2 1 3 1 1.1633
58 1 8 2 2 1 2 1 0.5447
59 3 1 3 2 1 3 1 1.0860
60 3 7 1 1 1 1 1 0.4098
61 1 4 3 2 1 2 0 0.5291
62 1 1 2 2 1 2 1 0.4930
63 1 1 1 2 1 1 1 0.7420
64 1 1 3 2 1 3 1 0.4433
65 1 4 3 1 1 2 0 0.7877
66 3 5 1 2 1 1 1 0.0708
