Ear: B
Sound system: Babyface + MixCubeAudiogram left input: NA
Audiogram right input: NA
vowID vowF0 answer correct time_elapsed
  2   2   5   0 9.3121
  4   2   4   1 4.9532
  6   1   5   0 2.6715
  7   2   7   1 1.5777
  4   3   2   0 5.4530
  3   3   4   0 3.0468
  3   1   4   0 4.1876
  7   1   7   1 2.9061
  1   3   2   0 1.8435
  3   1   3   1 3.5000
  2   3   2   1 1.6091
  2   3   2   1 1.0311
  2   2   2   1 1.0937
  1   2   2   0 0.7810
  6   2   5   0 1.9060
  1   3   2   0 0.9837
  7   3   7   1 1.0471
  7   1   7   1 0.8748
  7   3   7   1 1.0310
  5   2   6   0 10.8750
  3   3   1   0 3.9842
  1   2   2   0 1.0778
  3   2   4   0 2.9685
  6   2   6   1 6.8125
  5   1   6   0 8.7817
  7   1   7   1 0.8279
  2   1   2   1 0.9214
  5   3   5   1 1.7184
  6   2   1   0 1.8436
  1   2   2   0 2.0626
  3   1   3   1 2.2654
  5   1   5   1 8.2812
  3   3   3   1 3.9843
  1   2   2   0 1.9840
  2   1   2   1 0.9373
  3   2   4   0 3.1871
  7   1   7   1 0.8906
  6   1   6   1 3.3593
  5   3   5   1 1.6091
  1   3   1   1 1.8899
  3   2   3   1 2.6248
  1   1   2   0 3.7654
  4   2   3   0 2.3121
  2   2   2   1 2.3122
  1   1   1   1 2.0781
  5   1   5   1 1.1873
  5   2   5   1 0.9371
  3   1   3   1 2.3120
  6   1   1   0 2.0623
  1   3   1   1 2.2343
  6   3   6   1 1.6247
  1   1   1   1 3.2966
  7   3   7   1 1.0154
  7   2   7   1 0.8903
  4   1   2   0 3.0155
  5   3   5   1 1.1715
  6   1   1   0 3.1092
  2   3   1   0 0.8434
  5   2   5   1 1.9999
  6   2   6   1 3.6090
  5   3   5   1 1.3434
  4   1   4   1 1.3745
  5   2   5   1 1.5936
  2   1   4   0 2.3122
  2   3   1   0 3.9217
  4   1   4   1 1.3278
  3   2   3   1 2.3120
  2   2   2   1 0.9682
  7   2   7   1 0.9527
  1   1   2   0 0.8903
  4   2   3   0 1.3748
  4   1   3   0 3.1873
  4   3   3   0 1.6714
  4   3   4   1 0.7341
  2   1   2   1 1.4060
  4   2   3   0 1.9372
  7   3   7   1 0.8279
  4   3   3   0 4.1245
  6   3   5   0 7.2343
  6   3   6   1 2.0934
  5   1   5   1 2.0310
  7   2   7   1 0.8903
  3   3   4   0 2.0310
  6   3   6   1 2.0465
