Ear: R
Sound system: Babyface + MixCubeAudiogram left input: NA
Audiogram right input: NA
vowID vowF0 answer correct time_elapsed
  4   2   4   1 6.1404
  4   1   3   0 1.2811
  6   1   6   1 4.5311
  3   2   4   0 5.7187
  4   2   4   1 1.5934
  5   2   5   1 1.6561
  2   1   2   1 1.1559
  2   3   2   1 3.7030
  4   3   4   1 7.5309
  5   2   5   1 1.0465
  3   2   4   0 4.3435
  2   2   2   1 0.9839
  3   2   3   1 1.6247
  5   1   5   1 1.0152
  7   2   7   1 0.6720
  3   2   4   0 1.6717
  2   1   2   1 1.1560
  1   3   3   0 3.4221
  4   2   4   1 4.3595
  6   3   6   1 1.7182
  5   3   5   1 0.8589
  4   2   3   0 4.6405
  4   3   4   1 2.8904
  7   3   7   1 1.0934
  7   3   7   1 0.4993
  6   2   6   1 2.4371
  5   3   5   1 1.2810
  1   1   2   0 2.1403
  2   3   2   1 2.9685
  6   3   6   1 2.5469
  1   2   1   1 0.9529
  1   3   1   1 4.3436
  6   2   6   1 0.9844
  3   3   4   0 3.0310
  7   1   7   1 1.0622
  7   2   7   1 0.7341
  3   1   4   0 2.9841
  5   1   5   1 0.8435
  7   1   7   1 1.1715
  1   2   2   0 2.5467
  3   1   3   1 2.0623
  2   1   2   1 0.9685
  7   3   7   1 0.5621
  1   2   2   0 1.9060
  7   3   7   1 0.8591
  3   1   3   1 2.7498
  5   1   5   1 0.9060
  1   1   2   0 0.9374
  6   3   6   1 3.5311
  1   1   2   0 1.6715
  3   3   3   1 2.5623
  2   2   2   1 1.3435
  4   3   3   0 2.2653
  2   1   2   1 0.8903
  5   2   5   1 0.8434
  2   2   2   1 0.8279
  6   2   1   0 0.7810
  1   2   1   1 2.4684
  6   1   6   1 1.0465
  5   3   5   1 1.9216
  5   3   5   1 0.8903
  2   2   1   0 1.3276
  1   1   2   0 1.0622
  6   1   6   1 1.0935
  2   3   1   0 3.4217
  5   2   5   1 0.9063
  4   3   3   0 1.3747
  1   3   1   1 2.1871
  3   3   4   0 3.5780
  1   3   1   1 1.8595
  7   1   7   1 1.1560
  7   1   7   1 0.6248
  4   1   3   0 2.8124
  4   1   4   1 0.6872
  4   1   4   1 0.5152
  7   2   7   1 1.1716
  6   2   6   1 4.0469
  6   3   6   1 0.9840
  3   3   3   1 2.5623
  5   1   5   1 2.0156
  6   1   6   1 1.0153
  3   1   3   1 3.7655
  2   3   2   1 2.3748
  7   2   7   1 1.7498
