Ear: B
Audiogram left  : NA
Audiogram right : NA
# Keys:
# Consonant_ID  : d=1 g=2 l=3 f=4 th=5 jh=6 p=7 sh=8 t=9 
# Vowel_ID      : IH=1 EH=2 AE=3 
# F0_ID         : high_f0=1 low_f0=2 
# Columns       : Trial Con1 Con2 V1 V2 F01 F02 Ans1V Ans2V Ans3V Ans1C Ans2C Ans3C OneType BothOK RT
1 3 5 3 1 2 2 1 3 -1 1 1 0 0 1 6.2572
2 3 5 1 3 1 1 2 1 -1 1 1 0 0 0 8.1589
3 3 7 1 3 1 2 3 1 -1 1 1 0 0 1 5.0993
4 1 6 3 3 1 2 3 3 -1 1 0 0 1 1 5.5404
5 3 6 1 3 2 2 1 3 -1 1 0 0 0 1 10.0316
6 3 6 2 2 2 2 2 -1 -1 1 0 0 1 1 7.7272
7 2 2 3 3 1 2 3 -1 -1 1 0 0 1 1 5.5686
8 1 1 3 1 1 2 1 3 -1 1 1 0 0 1 4.1992
9 2 5 2 2 1 2 2 3 -1 1 0 0 0 0 7.0247
10 1 6 1 1 1 2 1 -1 -1 1 0 0 1 1 9.9984
11 1 4 1 3 2 2 3 3 -1 1 0 0 1 0 14.7745
12 1 1 1 3 1 1 3 -1 -1 1 0 0 1 0 7.9957
13 3 7 3 3 1 2 3 -1 -1 1 0 0 1 1 2.8970
14 3 1 3 1 2 2 1 3 -1 1 0 0 0 1 5.6173
15 2 9 1 3 1 1 3 1 -1 1 1 0 0 1 14.2491
16 3 1 3 1 1 1 1 3 -1 1 0 0 0 1 9.1183
17 2 9 1 1 1 1 2 -1 -1 1 0 0 1 0 2.7369
18 1 8 1 3 1 1 1 3 -1 1 0 0 0 1 14.4651
19 2 5 2 2 1 1 2 -1 -1 1 0 0 1 1 2.5553
20 2 9 1 3 2 2 3 1 -1 1 0 0 0 1 10.5731
21 2 2 3 1 1 1 3 3 -1 1 0 0 1 0 12.2311
22 3 7 3 1 1 1 1 3 -1 1 1 0 0 1 9.2915
23 1 4 3 1 1 1 1 3 -1 1 0 0 0 1 5.9535
24 3 1 3 3 1 2 3 2 -1 1 0 0 0 0 8.2278
25 2 5 1 1 1 2 1 -1 -1 1 0 0 1 1 2.9801
26 1 1 1 3 1 2 1 3 -1 1 0 0 0 1 11.8773
27 3 5 3 3 1 1 2 -1 -1 1 0 0 1 0 2.3555
28 1 8 1 3 2 2 3 1 -1 0 1 0 0 1 5.9898
29 1 8 3 3 1 2 3 3 -1 1 0 0 1 1 4.4300
30 3 5 3 1 1 1 1 2 -1 1 0 0 0 0 8.1293
31 2 5 1 3 1 1 1 3 -1 1 0 0 0 1 4.8710
32 2 2 1 3 2 2 3 1 -1 1 0 0 0 1 6.0729
33 3 5 1 3 1 2 2 1 -1 1 1 0 0 0 8.7558
34 3 7 3 1 1 2 3 1 -1 1 1 0 0 1 3.4971
35 1 6 1 3 1 2 1 3 -1 1 1 0 0 1 10.1453
36 1 6 1 3 2 2 1 3 -1 1 1 0 0 1 8.6204
37 3 5 3 1 1 2 1 2 -1 1 0 0 0 0 8.5731
38 3 6 3 1 2 2 1 3 -1 1 0 0 0 1 5.3748
39 1 8 1 3 1 2 1 3 -1 1 0 0 0 1 6.9169
40 1 1 3 1 1 1 3 3 -1 1 0 0 1 0 4.4249
41 2 9 3 3 2 2 3 -1 -1 1 0 0 1 1 2.2565
42 3 7 1 1 1 2 1 2 -1 1 0 0 0 0 4.2431
43 2 9 1 1 1 2 2 1 -1 1 0 0 0 0 3.5667
44 1 6 3 1 2 2 3 1 -1 1 0 0 0 1 5.7980
45 1 4 3 1 2 2 3 3 -1 1 0 0 1 0 9.0263
46 1 8 3 1 1 1 1 3 -1 1 0 0 0 1 6.0261
47 3 1 3 1 1 2 1 2 -1 1 0 0 0 0 8.0496
48 1 1 1 1 1 2 1 -1 -1 1 0 0 1 1 4.0725
49 3 7 1 3 2 2 1 3 -1 1 1 0 0 1 7.0026
50 1 4 1 1 1 2 1 1 -1 1 0 0 1 1 4.5786
51 1 1 2 2 1 2 3 2 -1 1 0 0 0 0 7.6149
52 2 2 3 1 2 2 1 3 -1 1 0 0 0 1 5.7865
53 3 1 1 3 1 1 1 3 -1 1 1 0 0 1 4.1982
54 1 1 3 1 2 2 1 3 -1 1 0 0 0 1 7.9337
55 3 7 2 2 1 2 2 1 -1 1 0 0 0 0 5.6262
56 2 5 3 1 2 2 1 3 -1 1 0 0 0 1 4.8269
57 2 5 1 3 2 2 1 3 2 1 0 0 0 0 9.3614
58 3 6 2 2 1 2 2 2 -1 1 0 0 1 1 5.7505
59 2 9 3 1 2 2 1 2 3 1 0 0 0 0 11.3874
60 3 6 1 3 1 1 1 3 -1 1 0 0 0 1 6.3676
61 3 5 2 2 1 2 2 -1 -1 1 0 0 1 1 4.7356
62 1 6 2 2 1 2 2 -1 -1 1 0 0 1 1 6.1701
63 2 2 2 2 1 2 2 -1 -1 1 0 0 1 1 2.4000
64 1 6 3 1 1 1 1 2 3 1 0 0 0 0 9.8256
65 3 5 1 1 1 2 1 -1 -1 1 0 0 1 1 2.6579
66 1 8 3 1 1 2 1 3 -1 1 0 0 0 1 3.3423
67 1 6 2 2 2 2 2 -1 -1 1 0 0 1 1 6.5677
68 1 4 1 3 1 1 2 2 -1 1 0 0 1 0 8.7992
69 2 9 3 1 1 1 1 3 -1 1 0 0 0 1 8.0824
70 1 4 1 3 1 2 2 1 -1 1 0 0 0 0 3.5939
71 2 5 3 1 1 1 2 2 -1 1 0 0 1 0 3.0402
72 1 1 1 1 1 1 2 -1 -1 1 0 0 1 0 2.4859
73 3 6 3 1 1 2 1 2 -1 1 0 0 0 0 3.6465
74 2 5 3 3 1 2 3 3 -1 1 0 0 1 1 4.4972
75 3 1 1 1 1 2 1 -1 -1 1 0 0 1 1 3.4541
76 3 1 1 3 1 2 3 2 -1 1 0 0 0 0 5.0534
77 3 5 1 3 2 2 1 3 -1 1 0 0 0 1 2.5786
78 2 2 1 3 1 2 3 1 -1 1 0 0 0 1 3.0907
79 2 9 3 1 1 2 1 3 -1 1 0 0 0 1 7.3050
80 1 6 3 1 1 2 1 3 -1 1 1 0 0 1 6.4784
81 3 7 1 3 1 1 1 3 -1 1 1 0 0 1 5.0241
82 1 4 2 2 1 2 2 -1 -1 1 0 0 1 1 2.5749
83 2 5 3 3 2 2 3 -1 -1 1 0 0 1 1 1.9369
84 2 2 1 1 1 2 1 1 -1 1 0 0 1 1 3.7467
85 1 1 3 3 1 2 3 -1 -1 1 0 0 1 1 1.9079
86 3 7 1 1 1 1 1 -1 -1 1 0 0 1 1 2.2453
87 1 8 2 2 1 2 2 -1 -1 1 0 0 1 1 2.0908
88 2 9 1 3 1 2 3 1 -1 1 1 0 0 1 2.5628
89 2 9 2 2 1 2 2 -1 -1 1 0 0 1 1 3.3911
90 2 2 1 3 1 1 3 1 -1 1 0 0 0 1 3.8237
91 1 4 3 1 1 2 1 2 -1 1 0 0 0 0 5.1794
92 3 6 3 1 1 1 1 3 -1 1 0 0 0 1 3.5048
93 1 8 1 1 1 2 1 -1 -1 1 0 0 1 1 2.2893
94 3 6 1 1 1 1 1 -1 -1 1 0 0 1 1 2.2548
95 1 4 3 3 1 2 3 3 -1 1 0 0 1 1 4.4158
96 2 5 3 1 1 2 1 3 -1 1 0 0 0 1 4.0681
97 3 6 1 1 2 2 1 -1 -1 1 0 0 1 1 1.8383
98 2 9 3 3 1 2 3 -1 -1 1 0 0 1 1 2.3823
99 3 6 1 3 1 2 1 3 -1 1 0 0 0 1 5.2731
100 3 5 3 3 1 2 3 -1 -1 1 0 0 1 1 2.9119
101 3 6 1 1 1 2 1 -1 -1 1 0 0 1 1 2.2056
102 2 2 3 1 1 2 1 3 -1 1 1 0 0 1 3.9013
103 1 1 1 3 2 2 3 3 -1 1 0 0 1 0 7.3362
104 1 8 3 1 2 2 1 3 -1 1 0 0 0 1 5.9440
105 3 6 3 3 1 2 3 3 -1 1 0 0 1 1 4.8981
106 3 7 3 1 2 2 1 3 -1 1 1 0 0 1 4.0959
107 3 1 2 2 1 2 1 2 -1 1 1 0 0 0 2.9600
108 2 5 1 3 1 2 3 1 -1 1 0 0 0 1 3.9857
109 1 6 1 3 1 1 3 1 -1 1 0 0 0 1 4.1391
110 3 1 1 3 2 2 1 3 -1 1 1 0 0 1 2.7082
