Ear: B
Audiogram left  : NA
Audiogram right : NA
# Keys:
# Consonant_ID  : d=1 g=2 l=3 f=4 th=5 jh=6 p=7 sh=8 t=9 
# Vowel_ID      : IH=1 EH=2 AE=3 
# F0_ID         : high_f0=1 low_f0=2 
# Columns       : Trial Con1 Con2 V1 V2 F01 F02 Ans1V Ans2V Ans3V Ans1C Ans2C Ans3C OneType BothOK RT
1 3 5 3 1 2 2 1 3 -1 1 0 0 0 1 6.4687
2 3 5 1 3 1 1 2 2 -1 1 0 0 1 0 5.0044
3 3 7 1 3 1 2 1 3 -1 1 1 0 0 1 3.9966
4 1 6 3 3 1 2 3 3 -1 1 0 0 1 1 9.6477
5 3 6 1 3 2 2 1 3 -1 1 0 0 0 1 6.1476
6 3 6 2 2 2 2 2 2 -1 1 0 0 1 1 6.7218
7 2 2 3 3 1 2 3 3 -1 1 0 0 1 1 5.2833
8 1 1 3 1 1 2 1 3 -1 1 1 0 0 1 3.5358
9 2 5 2 2 1 2 2 1 -1 1 0 0 0 0 6.2032
10 1 6 1 1 1 2 1 1 -1 1 0 0 1 1 10.8492
11 1 4 1 3 2 2 3 1 -1 1 0 0 0 1 7.3039
12 1 1 1 3 1 1 3 1 -1 1 0 0 0 1 5.7275
13 3 7 3 3 1 2 3 1 -1 1 0 0 0 0 5.7160
14 3 1 3 1 2 2 1 3 -1 1 1 0 0 1 10.1875
15 2 9 1 3 1 1 3 1 -1 1 1 0 0 1 3.1577
16 3 1 3 1 1 1 1 3 -1 1 1 0 0 1 4.1331
17 2 9 1 1 1 1 2 1 -1 1 1 0 0 0 10.6970
18 1 8 1 3 1 1 2 1 2 1 0 0 0 0 5.4312
19 2 5 2 2 1 1 2 -1 -1 1 0 0 1 1 2.2885
20 2 9 1 3 2 2 3 1 -1 1 1 0 0 1 8.6325
21 2 2 3 1 1 1 3 1 -1 1 1 0 0 1 6.2974
22 3 7 3 1 1 1 1 3 -1 1 1 0 0 1 3.0590
23 1 4 3 1 1 1 1 2 -1 1 0 0 0 0 5.7688
24 3 1 3 3 1 2 3 2 -1 1 0 0 0 0 5.4454
25 2 5 1 1 1 2 1 3 -1 1 0 0 0 0 5.9847
26 1 1 1 3 1 2 3 1 -1 1 0 0 0 1 5.3925
27 3 5 3 3 1 1 2 -1 -1 1 0 0 1 0 1.9974
28 1 8 1 3 2 2 1 3 -1 1 0 0 0 1 8.5910
29 1 8 3 3 1 2 3 3 -1 1 0 0 1 1 3.6779
30 3 5 3 1 1 1 1 3 -1 1 1 0 0 1 8.1389
31 2 5 1 3 1 1 3 1 -1 1 1 0 0 1 5.6645
32 2 2 1 3 2 2 3 1 -1 1 0 0 0 1 3.6070
33 3 5 1 3 1 2 3 2 -1 1 0 0 0 0 5.5033
34 3 7 3 1 1 2 1 3 -1 1 1 0 0 1 3.1270
35 1 6 1 3 1 2 3 1 -1 1 1 0 0 1 7.6041
36 1 6 1 3 2 2 1 2 -1 1 0 0 0 0 9.3685
37 3 5 3 1 1 2 1 3 -1 1 0 0 0 1 4.2328
38 3 6 3 1 2 2 1 3 -1 1 0 0 0 1 5.9839
39 1 8 1 3 1 2 1 2 -1 1 0 0 0 0 8.3030
40 1 1 3 1 1 1 3 1 -1 1 0 0 0 1 3.0481
41 2 9 3 3 2 2 3 -1 -1 1 0 0 1 1 1.9778
42 3 7 1 1 1 2 1 1 -1 1 0 0 1 1 3.5164
43 2 9 1 1 1 2 1 -1 -1 1 0 0 1 1 4.3051
44 1 6 3 1 2 2 3 1 -1 0 1 0 0 1 7.9722
45 1 4 3 1 2 2 1 3 -1 1 0 0 0 1 7.1728
46 1 8 3 1 1 1 3 1 -1 0 1 0 0 1 4.7876
47 3 1 3 1 1 2 1 3 -1 1 0 0 0 1 5.0770
48 1 1 1 1 1 2 1 -1 -1 1 0 0 1 1 3.5783
49 3 7 1 3 2 2 3 2 -1 1 0 0 0 0 7.7234
50 1 4 1 1 1 2 1 -1 -1 1 0 0 1 1 2.0393
51 1 1 2 2 1 2 2 3 -1 1 0 0 0 0 5.6434
52 2 2 3 1 2 2 1 3 -1 1 1 0 0 1 3.0505
53 3 1 1 3 1 1 2 1 -1 1 1 0 0 0 3.0097
54 1 1 3 1 2 2 3 1 -1 1 1 0 0 1 3.8147
55 3 7 2 2 1 2 2 2 -1 1 0 0 1 1 4.5516
56 2 5 3 1 2 2 1 3 -1 1 0 0 0 1 5.7978
57 2 5 1 3 2 2 3 1 -1 0 1 0 0 1 12.1252
58 3 6 2 2 1 2 2 2 -1 1 0 0 1 1 4.8750
59 2 9 3 1 2 2 1 3 -1 1 0 0 0 1 6.4207
60 3 6 1 3 1 1 2 3 -1 1 0 0 0 0 3.5977
61 3 5 2 2 1 2 2 -1 -1 1 0 0 1 1 7.2084
62 1 6 2 2 1 2 2 -1 -1 1 0 0 1 1 3.6532
63 2 2 2 2 1 2 2 -1 -1 1 0 0 1 1 1.9815
64 1 6 3 1 1 1 1 3 -1 1 0 0 0 1 7.9064
65 3 5 1 1 1 2 1 -1 -1 1 0 0 1 1 3.7128
66 1 8 3 1 1 2 1 3 -1 1 0 0 0 1 4.6482
67 1 6 2 2 2 2 2 -1 -1 1 0 0 1 1 5.2226
68 1 4 1 3 1 1 2 1 -1 1 0 0 0 0 3.9601
69 2 9 3 1 1 1 3 1 -1 1 1 0 0 1 4.0889
70 1 4 1 3 1 2 1 3 -1 0 1 0 0 1 9.8330
71 2 5 3 1 1 1 1 2 -1 1 0 0 0 0 11.3246
72 1 1 1 1 1 1 2 -1 -1 1 0 0 1 0 2.0116
73 3 6 3 1 1 2 1 3 -1 1 0 0 0 1 4.2131
74 2 5 3 3 1 2 3 3 -1 1 0 0 1 1 3.4386
75 3 1 1 1 1 2 1 -1 -1 1 0 0 1 1 3.8148
76 3 1 1 3 1 2 3 1 -1 1 1 0 0 1 4.2515
77 3 5 1 3 2 2 3 3 -1 1 0 0 1 0 4.7102
78 2 2 1 3 1 2 3 1 -1 1 0 0 0 1 3.4884
79 2 9 3 1 1 2 1 2 -1 1 0 0 0 0 10.2558
80 1 6 3 1 1 2 1 3 -1 1 0 0 0 1 12.5076
81 3 7 1 3 1 1 3 1 -1 1 1 0 0 1 8.0174
82 1 4 2 2 1 2 2 -1 -1 1 0 0 1 1 2.2726
83 2 5 3 3 2 2 3 -1 -1 1 0 0 1 1 2.1133
84 2 2 1 1 1 2 1 -1 -1 1 0 0 1 1 6.2602
85 1 1 3 3 1 2 3 -1 -1 1 0 0 1 1 3.9800
86 3 7 1 1 1 1 1 -1 -1 1 0 0 1 1 5.2521
87 1 8 2 2 1 2 2 -1 -1 1 0 0 1 1 2.0686
88 2 9 1 3 1 2 1 3 -1 1 0 0 0 1 7.0018
89 2 9 2 2 1 2 2 1 -1 1 0 0 0 0 4.9627
90 2 2 1 3 1 1 1 3 -1 1 0 0 0 1 5.6058
91 1 4 3 1 1 2 1 3 -1 1 0 0 0 1 6.1274
92 3 6 3 1 1 1 1 3 -1 1 0 0 0 1 4.4307
93 1 8 1 1 1 2 1 -1 -1 1 0 0 1 1 5.4633
94 3 6 1 1 1 1 1 -1 -1 1 0 0 1 1 6.3668
95 1 4 3 3 1 2 3 -1 -1 1 0 0 1 1 12.7667
96 2 5 3 1 1 2 1 1 -1 1 0 0 1 0 5.1286
97 3 6 1 1 2 2 1 1 -1 1 0 0 1 1 3.8133
98 2 9 3 3 1 2 3 3 -1 1 0 0 1 1 10.3213
99 3 6 1 3 1 2 1 3 -1 1 0 0 0 1 4.0473
100 3 5 3 3 1 2 3 3 -1 1 0 0 1 1 10.4829
101 3 6 1 1 1 2 1 2 -1 1 0 0 0 0 3.3726
102 2 2 3 1 1 2 1 3 -1 1 0 0 0 1 7.0068
103 1 1 1 3 2 2 3 1 -1 1 0 0 0 1 4.7571
104 1 8 3 1 2 2 1 3 -1 1 0 0 0 1 4.2131
105 3 6 3 3 1 2 1 3 -1 1 0 0 0 0 4.8618
106 3 7 3 1 2 2 1 3 -1 1 1 0 0 1 4.5705
107 3 1 2 2 1 2 1 2 -1 1 0 0 0 0 6.2471
108 2 5 1 3 1 2 2 3 -1 1 0 0 0 0 4.2425
109 1 6 1 3 1 1 1 3 -1 1 0 0 0 1 4.5441
110 3 1 1 3 2 2 1 3 -1 1 1 0 0 1 5.0396
