Ear: B
Audiogram left  : NA
Audiogram right : NA
# Keys:
# Consonant_ID  : d=1 g=2 l=3 f=4 th=5 jh=6 p=7 sh=8 t=9 
# Vowel_ID      : IH=1 EH=2 AE=3 
# F0_ID         : high_f0=1 low_f0=2 
# Columns       : Trial Con1 Con2 V1 V2 F01 F02 Ans1V Ans2V Ans3V Ans1C Ans2C Ans3C OneType BothOK RT
1 3 5 3 1 2 2 1 2 -1 1 0 0 0 0 13.8426
2 3 5 1 3 1 1 2 2 -1 1 0 0 1 0 12.9483
3 3 7 1 3 1 2 1 3 -1 1 1 0 0 1 10.5107
4 1 6 3 3 1 2 3 -1 -1 1 0 0 1 1 7.4279
5 3 6 1 3 2 2 1 3 -1 1 0 0 0 1 9.1888
6 3 6 2 2 2 2 2 -1 -1 1 0 0 1 1 3.3357
7 2 2 3 3 1 2 3 -1 -1 1 0 0 1 1 2.7051
8 1 1 3 1 1 2 1 3 -1 1 0 0 0 1 9.7544
9 2 5 2 2 1 2 2 3 -1 1 0 0 0 0 43.8425
10 1 6 1 1 1 2 1 -1 -1 1 0 0 1 1 10.1354
11 1 4 1 3 2 2 1 3 -1 1 0 0 0 1 7.3562
12 1 1 1 3 1 1 3 1 -1 1 0 0 0 1 12.4508
13 3 7 3 3 1 2 3 -1 -1 1 0 0 1 1 5.1935
14 3 1 3 1 2 2 1 3 -1 1 0 0 0 1 9.8528
15 2 9 1 3 1 1 1 3 -1 1 0 0 0 1 5.5827
16 3 1 3 1 1 1 1 3 -1 1 0 0 0 1 7.2508
17 2 9 1 1 1 1 1 -1 -1 1 0 0 1 1 7.5931
18 1 8 1 3 1 1 1 3 -1 1 0 0 0 1 10.5326
19 2 5 2 2 1 1 2 -1 -1 1 0 0 1 1 2.7549
20 2 9 1 3 2 2 3 1 -1 1 0 0 0 1 3.0081
21 2 2 3 1 1 1 3 1 -1 1 0 0 0 1 8.2213
22 3 7 3 1 1 1 3 1 -1 1 0 0 0 1 6.4483
23 1 4 3 1 1 1 1 3 -1 1 0 0 0 1 3.9189
24 3 1 3 3 1 2 3 1 -1 1 0 0 0 0 4.5433
25 2 5 1 1 1 2 1 -1 -1 1 0 0 1 1 3.6690
26 1 1 1 3 1 2 3 1 -1 1 0 0 0 1 4.0072
27 3 5 3 3 1 1 2 -1 -1 1 0 0 1 0 1.9452
28 1 8 1 3 2 2 1 3 -1 1 0 0 0 1 4.0019
29 1 8 3 3 1 2 3 3 -1 1 0 0 1 1 4.3961
30 3 5 3 1 1 1 1 2 -1 1 0 0 0 0 17.2568
31 2 5 1 3 1 1 1 3 -1 1 0 0 0 1 3.5076
32 2 2 1 3 2 2 1 3 -1 1 1 0 0 1 4.6618
33 3 5 1 3 1 2 1 3 -1 1 0 0 0 1 4.1848
34 3 7 3 1 1 2 1 3 -1 1 1 0 0 1 5.6018
35 1 6 1 3 1 2 1 3 -1 1 0 0 0 1 5.8068
36 1 6 1 3 2 2 3 1 -1 1 0 0 0 1 5.2310
37 3 5 3 1 1 2 1 2 -1 1 1 0 0 0 7.6446
38 3 6 3 1 2 2 1 -1 -1 1 0 0 1 0 14.6223
39 1 8 1 3 1 2 1 3 -1 1 0 0 0 1 5.2724
40 1 1 3 1 1 1 1 3 -1 1 0 0 0 1 7.2717
41 2 9 3 3 2 2 3 -1 -1 1 0 0 1 1 2.8589
42 3 7 1 1 1 2 1 2 -1 1 0 0 0 0 9.8366
43 2 9 1 1 1 2 1 2 -1 1 0 0 0 0 5.2828
44 1 6 3 1 2 2 1 3 -1 1 0 0 0 1 10.5527
45 1 4 3 1 2 2 1 3 -1 1 0 0 0 1 4.5035
46 1 8 3 1 1 1 1 3 -1 1 0 0 0 1 4.8397
47 3 1 3 1 1 2 1 3 -1 1 0 0 0 1 4.7483
48 1 1 1 1 1 2 1 -1 -1 1 0 0 1 1 4.7156
49 3 7 1 3 2 2 3 1 -1 1 0 0 0 1 3.5063
50 1 4 1 1 1 2 1 -1 -1 1 0 0 1 1 4.6438
51 1 1 2 2 1 2 2 -1 -1 1 0 0 1 1 2.7604
52 2 2 3 1 2 2 3 -1 -1 1 0 0 1 0 13.4108
53 3 1 1 3 1 1 1 3 -1 1 1 0 0 1 5.4516
54 1 1 3 1 2 2 1 3 -1 1 0 0 0 1 4.9589
55 3 7 2 2 1 2 2 2 -1 1 0 0 1 1 4.6329
56 2 5 3 1 2 2 1 3 -1 1 0 0 0 1 3.8772
57 2 5 1 3 2 2 1 3 -1 0 1 0 0 1 12.9697
58 3 6 2 2 1 2 2 -1 -1 1 0 0 1 1 7.1188
59 2 9 3 1 2 2 1 -1 -1 1 0 0 1 0 10.4927
60 3 6 1 3 1 1 1 1 -1 1 0 0 1 0 3.3758
61 3 5 2 2 1 2 2 1 -1 1 0 0 0 0 4.7652
62 1 6 2 2 1 2 2 -1 -1 1 0 0 1 1 2.8190
63 2 2 2 2 1 2 2 -1 -1 1 0 0 1 1 3.1519
64 1 6 3 1 1 1 1 3 -1 1 0 0 0 1 4.1362
65 3 5 1 1 1 2 1 -1 -1 1 0 0 1 1 2.0524
66 1 8 3 1 1 2 1 3 -1 1 0 0 0 1 2.6631
67 1 6 2 2 2 2 2 -1 -1 1 0 0 1 1 2.1347
68 1 4 1 3 1 1 1 3 -1 1 0 0 0 1 3.0380
69 2 9 3 1 1 1 1 3 -1 1 0 0 0 1 11.8376
70 1 4 1 3 1 2 1 2 -1 1 0 0 0 0 6.6015
71 2 5 3 1 1 1 1 3 -1 1 0 0 0 1 4.1907
72 1 1 1 1 1 1 1 -1 -1 1 0 0 1 1 2.0980
73 3 6 3 1 1 2 1 3 -1 1 0 0 0 1 3.4627
74 2 5 3 3 1 2 3 2 -1 1 0 0 0 0 4.3466
75 3 1 1 1 1 2 1 -1 -1 1 0 0 1 1 1.7917
76 3 1 1 3 1 2 3 1 -1 1 1 0 0 1 7.2106
77 3 5 1 3 2 2 1 3 -1 1 0 0 0 1 6.1016
78 2 2 1 3 1 2 1 3 -1 1 0 0 0 1 7.0095
79 2 9 3 1 1 2 1 3 -1 1 0 0 0 1 4.3267
80 1 6 3 1 1 2 1 3 -1 1 0 0 0 1 8.6989
81 3 7 1 3 1 1 3 1 -1 1 0 0 0 1 5.8585
82 1 4 2 2 1 2 2 -1 -1 1 0 0 1 1 4.7611
83 2 5 3 3 2 2 3 -1 -1 1 0 0 1 1 2.4273
84 2 2 1 1 1 2 1 1 -1 1 0 0 1 1 3.6208
85 1 1 3 3 1 2 3 -1 -1 1 0 0 1 1 3.0241
86 3 7 1 1 1 1 1 -1 -1 1 0 0 1 1 6.2323
87 1 8 2 2 1 2 2 -1 -1 1 0 0 1 1 5.4202
88 2 9 1 3 1 2 3 1 -1 1 0 0 0 1 5.2935
89 2 9 2 2 1 2 2 -1 -1 1 0 0 1 1 4.9372
90 2 2 1 3 1 1 1 3 -1 1 0 0 0 1 3.4932
91 1 4 3 1 1 2 1 3 -1 1 0 0 0 1 6.2056
92 3 6 3 1 1 1 1 3 -1 1 0 0 0 1 4.2704
93 1 8 1 1 1 2 1 -1 -1 1 0 0 1 1 2.4152
94 3 6 1 1 1 1 1 -1 -1 1 0 0 1 1 2.8627
95 1 4 3 3 1 2 2 3 -1 1 0 0 0 0 7.8185
96 2 5 3 1 1 2 1 3 -1 1 0 0 0 1 3.2510
97 3 6 1 1 2 2 1 -1 -1 1 0 0 1 1 2.8383
98 2 9 3 3 1 2 3 -1 -1 1 0 0 1 1 4.9313
99 3 6 1 3 1 2 1 3 -1 1 0 0 0 1 3.2007
100 3 5 3 3 1 2 2 3 -1 1 0 0 0 0 2.6474
101 3 6 1 1 1 2 1 -1 -1 1 0 0 1 1 4.3834
102 2 2 3 1 1 2 1 3 -1 1 1 0 0 1 9.2493
103 1 1 1 3 2 2 1 3 -1 1 1 0 0 1 3.3034
104 1 8 3 1 2 2 1 3 -1 1 0 0 0 1 3.3688
105 3 6 3 3 1 2 3 -1 -1 1 0 0 1 1 6.7720
106 3 7 3 1 2 2 1 3 -1 1 1 0 0 1 3.7119
107 3 1 2 2 1 2 1 2 -1 1 1 0 0 0 2.9949
108 2 5 1 3 1 2 1 2 -1 1 0 0 0 0 6.8370
109 1 6 1 3 1 1 1 3 -1 1 0 0 0 1 2.8682
110 3 1 1 3 2 2 1 3 -1 1 1 0 0 1 4.1846
