Ear: R
Audiogram left  : NA
Audiogram right : NA
# Keys:
# Consonant_ID  : d=1 g=2 l=3 f=4 th=5 jh=6 p=7 sh=8 t=9 
# Vowel_ID      : IH=1 EH=2 AE=3 
# F0_ID         : high_f0=1 low_f0=2 # Columns       : Trial Consonant_1_ID Consonant_2_ID Vowel_ID F0_ID Heard_Consonant Answer_vowel Correct Time_elapsed
1 1 4 2 1 1 2 1 1.0897
2 1 4 3 1 1 3 1 0.1241
3 3 7 2 1 1 2 1 0.6729
4 2 9 1 2 1 1 1 0.4927
5 1 1 2 1 1 2 1 0.7588
6 1 6 3 2 1 3 1 0.3382
7 3 6 2 2 1 2 1 0.4494
8 2 5 1 2 1 1 1 0.4386
9 1 4 1 1 1 1 1 1.0908
10 1 8 1 1 1 1 1 0.5014
11 2 2 3 1 1 3 1 0.4400
12 2 5 3 2 1 2 0 0.5349
13 2 9 3 2 1 3 1 0.8674
14 1 6 1 1 1 1 1 0.5706
15 1 8 3 1 1 3 1 0.6048
16 2 2 1 2 1 1 1 0.4610
17 2 2 3 2 1 3 1 0.4429
18 1 1 1 2 1 1 1 0.5323
19 1 6 2 2 1 2 1 0.5531
20 1 8 2 1 1 3 0 0.5327
21 3 1 1 2 1 1 1 0.3167
22 3 5 2 2 1 2 1 0.3405
23 1 1 2 2 1 2 1 0.6294
24 1 1 1 1 1 1 1 0.4607
25 1 8 2 2 1 2 1 0.4597
26 2 5 2 2 1 2 1 0.2377
27 2 5 2 1 1 2 1 0.6452
28 3 7 3 2 1 3 1 0.0417
29 3 1 2 2 1 2 1 0.4691
30 3 7 1 2 1 1 1 0.1673
31 2 9 3 1 1 3 1 0.4178
32 2 9 1 1 1 1 1 0.4279
33 1 1 3 1 1 3 1 0.7062
34 1 8 1 2 1 1 1 1.0992
35 3 6 1 1 1 1 1 0.9249
36 3 1 3 1 1 3 1 0.0504
37 3 6 3 2 1 3 1 0.0235
38 2 2 2 1 1 2 1 0.0926
39 3 1 2 1 1 2 1 0.5169
40 1 6 1 2 1 1 1 0.4606
41 3 6 3 1 1 3 1 0.5126
42 3 5 1 2 1 1 1 0.4628
43 3 1 1 1 1 1 1 0.3520
44 1 4 3 2 1 3 1 0.9894
45 3 6 2 1 1 2 1 0.9881
46 2 5 1 1 1 1 1 2.8002
47 3 1 3 2 1 3 1 1.9296
48 1 6 2 1 1 2 1 0.5542
49 2 2 1 1 1 1 1 0.1772
50 3 5 3 2 1 2 0 0.4016
51 1 6 3 1 1 3 1 0.0733
52 3 5 1 1 1 1 1 0.4765
53 1 4 1 2 1 1 1 0.6736
54 3 5 3 1 1 3 1 0.0417
55 2 9 2 1 1 2 1 0.5048
56 3 5 2 1 1 2 1 0.4616
57 2 2 2 2 1 2 1 0.0309
58 3 7 1 1 1 1 1 0.6737
59 2 9 2 2 1 2 1 0.6250
60 2 5 3 1 1 3 1 0.9313
61 3 6 1 2 1 1 1 0.9030
62 1 8 3 2 1 3 1 0.1532
63 1 4 2 2 1 2 1 1.0162
64 3 7 3 1 1 3 1 0.2554
65 3 7 2 2 1 2 1 0.4376
66 1 1 3 2 1 3 1 0.4890
