Ear: R
Audiogram left  : NA
Audiogram right : NA
# Keys:
# Consonant_ID  : d=1 g=2 l=3 f=4 th=5 jh=6 p=7 sh=8 t=9 
# Vowel_ID      : IH=1 EH=2 AE=3 
# F0_ID         : high_f0=1 low_f0=2 # Columns       : Trial Consonant_1_ID Consonant_2_ID Vowel_ID F0_ID Heard_Consonant Answer_vowel Correct Time_elapsed
1 1 6 2 1 1 2 1 1.1740
2 2 9 1 1 1 1 1 0.9350
3 3 1 3 2 1 3 1 0.0622
4 2 5 1 2 1 1 1 0.0313
5 1 8 1 1 1 1 1 0.9356
6 3 6 2 2 1 2 1 0.7584
7 2 5 1 1 1 1 1 0.2091
8 3 1 1 2 1 1 1 0.0747
9 2 5 3 1 1 3 1 0.3051
10 1 8 2 2 1 2 1 0.4614
11 1 1 1 2 1 1 1 0.7263
12 2 9 3 1 1 3 1 0.3910
13 1 6 1 1 1 1 1 0.3946
14 2 9 2 1 1 2 1 0.5565
15 3 1 1 1 1 1 1 0.4330
16 2 9 1 2 1 1 1 0.7273
17 2 2 2 1 1 2 1 0.5107
18 2 5 3 2 1 2 0 0.1220
19 3 5 3 1 1 3 1 0.0724
20 1 1 2 1 1 2 1 0.4425
21 1 6 3 2 1 3 1 0.1521
22 3 7 1 1 1 1 1 0.5427
23 1 4 3 1 1 2 0 1.2105
24 3 5 3 2 1 2 0 0.8278
25 3 5 1 1 1 1 1 0.2444
26 3 7 1 2 1 1 1 0.3079
27 3 5 1 2 1 1 1 0.1627
28 2 2 3 1 1 3 1 0.7563
29 2 5 2 2 1 2 1 0.5214
30 3 7 2 1 1 2 1 0.5104
31 1 8 1 2 1 1 1 0.1666
32 1 8 3 1 1 3 1 0.0829
33 1 6 1 2 1 1 1 0.4865
34 2 9 3 2 1 3 1 0.0103
35 1 1 2 2 1 2 1 0.6139
36 3 1 2 1 1 2 1 0.1857
37 3 6 3 1 1 3 1 0.5189
38 1 1 3 2 1 3 1 0.5422
39 2 5 2 1 1 3 0 1.4671
40 1 4 2 2 1 2 1 0.6349
41 2 9 2 2 1 2 1 0.1743
42 1 8 3 2 1 3 1 0.1449
43 3 6 1 2 1 1 1 0.3585
44 1 4 1 1 1 1 1 0.1752
45 3 7 3 2 1 3 1 0.6453
46 1 1 3 1 1 3 1 0.5025
47 3 7 3 1 1 3 1 0.5510
48 1 8 2 1 1 2 1 0.5830
49 3 6 2 1 1 2 1 0.7241
50 1 4 2 1 1 2 1 0.6253
51 2 2 1 2 1 1 1 0.0825
52 3 6 1 1 1 1 1 0.5963
53 3 1 3 1 1 3 1 0.0635
54 3 1 2 2 1 2 1 0.5196
55 3 5 2 1 1 2 1 0.1543
56 1 1 1 1 1 1 1 0.9257
57 3 6 3 2 1 3 1 0.0419
58 1 6 3 1 1 3 1 0.1439
59 2 2 3 2 1 3 1 0.3998
60 2 2 2 2 1 2 1 0.2249
61 1 4 1 2 1 1 1 0.4095
62 2 2 1 1 1 1 1 0.1648
63 3 7 2 2 1 2 1 0.2479
64 3 5 2 2 1 2 1 0.9784
65 1 6 2 2 1 2 1 0.6357
66 1 4 3 2 1 3 1 0.1031
