Ear: B
Audiogram left  : NA
Audiogram right : NA
# Keys:
# Consonant_ID  : d=1 g=2 l=3 f=4 th=5 jh=6 p=7 sh=8 t=9 
# Vowel_ID      : IH=1 EH=2 AE=3 
# F0_ID         : high_f0=1 low_f0=2 
# Columns       : Trial Con1 Con2 V1 V2 F01 F02 Ans1V Ans2V Ans3V Ans1C Ans2C Ans3C OneType BothOK RT
1 3 5 3 1 2 2 1 3 -1 1 0 0 0 1 3.8021
2 3 5 1 3 1 1 2 1 -1 1 0 0 0 0 5.3750
3 3 7 1 3 1 2 3 1 -1 1 1 0 0 1 8.4874
4 1 6 3 3 1 2 3 -1 -1 1 0 0 1 1 6.2520
5 3 6 1 3 2 2 1 3 -1 1 0 0 0 1 5.5913
6 3 6 2 2 2 2 2 -1 -1 1 0 0 1 1 2.2360
7 2 2 3 3 1 2 3 -1 -1 1 0 0 1 1 2.2757
8 1 1 3 1 1 2 1 3 -1 1 1 0 0 1 4.9278
9 2 5 2 2 1 2 2 1 -1 1 0 0 0 0 4.8008
10 1 6 1 1 1 2 1 -1 -1 1 0 0 1 1 2.9594
11 1 4 1 3 2 2 1 2 -1 1 0 0 0 0 3.2519
12 1 1 1 3 1 1 3 1 -1 1 0 0 0 1 3.0966
13 3 7 3 3 1 2 3 -1 -1 1 0 0 1 1 2.8597
14 3 1 3 1 2 2 1 3 -1 1 0 0 0 1 6.4423
15 2 9 1 3 1 1 2 3 -1 1 1 0 0 0 5.0005
16 3 1 3 1 1 1 1 3 -1 1 0 0 0 1 5.9554
17 2 9 1 1 1 1 2 -1 -1 1 0 0 1 0 1.6957
18 1 8 1 3 1 1 1 3 -1 1 0 0 0 1 2.8086
19 2 5 2 2 1 1 2 -1 -1 1 0 0 1 1 1.7993
20 2 9 1 3 2 2 3 1 -1 1 0 0 0 1 3.3891
21 2 2 3 1 1 1 3 1 -1 1 0 0 0 1 4.0542
22 3 7 3 1 1 1 1 2 -1 1 0 0 0 0 8.8306
23 1 4 3 1 1 1 1 3 -1 1 0 0 0 1 5.5934
24 3 1 3 3 1 2 3 -1 -1 1 0 0 1 1 2.6247
25 2 5 1 1 1 2 1 -1 -1 1 0 0 1 1 2.1997
26 1 1 1 3 1 2 3 1 -1 1 0 0 0 1 2.9661
27 3 5 3 3 1 1 2 -1 -1 1 0 0 1 0 3.2322
28 1 8 1 3 2 2 1 3 -1 1 0 0 0 1 4.2136
29 1 8 3 3 1 2 3 3 -1 1 0 0 1 1 4.8815
30 3 5 3 1 1 1 1 3 -1 1 0 0 0 1 3.0901
31 2 5 1 3 1 1 1 3 -1 1 0 0 0 1 3.0322
32 2 2 1 3 2 2 1 3 -1 1 0 0 0 1 3.7169
33 3 5 1 3 1 2 3 1 -1 1 0 0 0 1 8.1964
34 3 7 3 1 1 2 3 1 -1 1 1 0 0 1 2.9423
35 1 6 1 3 1 2 3 1 -1 1 0 0 0 1 6.1546
36 1 6 1 3 2 2 1 3 -1 1 0 0 0 1 4.3972
37 3 5 3 1 1 2 1 3 -1 1 0 0 0 1 6.7617
38 3 6 3 1 2 2 1 3 -1 1 0 0 0 1 3.8701
39 1 8 1 3 1 2 1 3 -1 1 0 0 0 1 2.1414
40 1 1 3 1 1 1 3 1 -1 1 0 0 0 1 3.4520
41 2 9 3 3 2 2 3 -1 -1 1 0 0 1 1 2.0428
42 3 7 1 1 1 2 1 -1 -1 1 0 0 1 1 2.1448
43 2 9 1 1 1 2 1 -1 -1 1 0 0 1 1 2.4473
44 1 6 3 1 2 2 3 1 -1 1 0 0 0 1 3.9620
45 1 4 3 1 2 2 1 2 -1 1 0 0 0 0 3.5492
46 1 8 3 1 1 1 1 3 -1 1 0 0 0 1 10.8054
47 3 1 3 1 1 2 1 3 -1 1 0 0 0 1 3.1474
48 1 1 1 1 1 2 1 -1 -1 1 0 0 1 1 2.6634
49 3 7 1 3 2 2 3 1 -1 1 0 0 0 1 2.9983
50 1 4 1 1 1 2 1 -1 -1 1 0 0 1 1 2.0152
51 1 1 2 2 1 2 2 2 -1 1 0 0 1 1 2.5835
52 2 2 3 1 2 2 3 1 3 1 0 0 0 1 3.8432
53 3 1 1 3 1 1 1 3 -1 1 0 0 0 1 4.1404
54 1 1 3 1 2 2 2 2 3 1 0 0 0 0 9.1511
55 3 7 2 2 1 2 2 1 -1 1 0 0 0 0 3.5260
56 2 5 3 1 2 2 1 3 -1 1 0 0 0 1 8.5565
57 2 5 1 3 2 2 1 3 -1 1 0 0 0 1 5.8367
58 3 6 2 2 1 2 2 -1 -1 1 0 0 1 1 2.9785
59 2 9 3 1 2 2 1 3 -1 1 0 0 0 1 3.1316
60 3 6 1 3 1 1 2 3 -1 1 0 0 0 0 2.6522
61 3 5 2 2 1 2 2 -1 -1 1 0 0 1 1 1.9475
62 1 6 2 2 1 2 2 -1 -1 1 0 0 1 1 2.9043
63 2 2 2 2 1 2 2 -1 -1 1 0 0 1 1 1.7363
64 1 6 3 1 1 1 1 3 -1 1 0 0 0 1 1.4865
65 3 5 1 1 1 2 1 -1 -1 1 0 0 1 1 3.3861
66 1 8 3 1 1 2 1 3 -1 1 0 0 0 1 4.0542
67 1 6 2 2 2 2 2 -1 -1 1 0 0 1 1 1.9232
68 1 4 1 3 1 1 1 3 -1 1 0 0 0 1 3.2094
69 2 9 3 1 1 1 1 3 -1 1 0 0 0 1 2.3938
70 1 4 1 3 1 2 1 3 -1 1 0 0 0 1 3.5837
71 2 5 3 1 1 1 1 -1 -1 1 0 0 1 0 2.2952
72 1 1 1 1 1 1 2 -1 -1 1 0 0 1 0 2.5724
73 3 6 3 1 1 2 1 3 -1 1 0 0 0 1 3.1731
74 2 5 3 3 1 2 3 2 -1 1 0 0 0 0 6.7207
75 3 1 1 1 1 2 1 -1 -1 1 0 0 1 1 3.1716
76 3 1 1 3 1 2 3 2 -1 1 0 0 0 0 3.6391
77 3 5 1 3 2 2 1 3 -1 1 0 0 0 1 4.7120
78 2 2 1 3 1 2 3 1 -1 1 0 0 0 1 3.6325
79 2 9 3 1 1 2 1 3 -1 1 0 0 0 1 8.3105
80 1 6 3 1 1 2 1 3 -1 1 1 0 0 1 4.5110
81 3 7 1 3 1 1 1 3 -1 1 1 0 0 1 4.7109
82 1 4 2 2 1 2 2 -1 -1 1 0 0 1 1 2.7282
83 2 5 3 3 2 2 3 -1 -1 1 0 0 1 1 3.9930
84 2 2 1 1 1 2 1 -1 -1 1 0 0 1 1 1.8975
85 1 1 3 3 1 2 3 -1 -1 1 0 0 1 1 3.4018
86 3 7 1 1 1 1 1 -1 -1 1 0 0 1 1 2.4072
87 1 8 2 2 1 2 2 -1 -1 1 0 0 1 1 4.2109
88 2 9 1 3 1 2 1 3 -1 1 0 0 0 1 3.9370
89 2 9 2 2 1 2 2 3 -1 1 0 0 0 0 3.6223
90 2 2 1 3 1 1 3 1 -1 1 0 0 0 1 3.3661
91 1 4 3 1 1 2 1 3 -1 1 0 0 0 1 4.5217
92 3 6 3 1 1 1 1 3 -1 1 0 0 0 1 3.5441
93 1 8 1 1 1 2 1 -1 -1 1 0 0 1 1 3.6891
94 3 6 1 1 1 1 1 -1 -1 1 0 0 1 1 2.2804
95 1 4 3 3 1 2 2 3 -1 1 0 0 0 0 3.0241
96 2 5 3 1 1 2 1 -1 -1 1 0 0 1 0 3.6001
97 3 6 1 1 2 2 1 -1 -1 1 0 0 1 1 2.0237
98 2 9 3 3 1 2 3 -1 -1 1 0 0 1 1 4.5172
99 3 6 1 3 1 2 1 2 -1 1 0 0 0 0 3.7035
100 3 5 3 3 1 2 2 2 -1 1 0 0 1 0 2.6778
101 3 6 1 1 1 2 1 2 -1 1 0 0 0 0 2.6958
102 2 2 3 1 1 2 1 3 -1 1 0 0 0 1 3.3542
103 1 1 1 3 2 2 1 3 -1 1 0 0 0 1 3.2922
104 1 8 3 1 2 2 1 3 -1 1 0 0 0 1 2.5386
105 3 6 3 3 1 2 3 -1 -1 1 0 0 1 1 7.7582
106 3 7 3 1 2 2 1 -1 -1 1 0 0 1 0 9.3949
107 3 1 2 2 1 2 2 1 -1 1 0 0 0 0 12.3405
108 2 5 1 3 1 2 1 2 -1 1 0 0 0 0 2.8650
109 1 6 1 3 1 1 1 -1 -1 1 0 0 1 0 7.3156
110 3 1 1 3 2 2 1 3 -1 1 1 0 0 1 4.6226
