Ear: B
Sound system: Babyface + MixCubeAudiogram left input: NA
Audiogram right input: NA
vowID vowF0 answer correct time_elapsed
  4   3   3   0 1.7341
  2   2   1   0 0.8431
  2   2   1   0 3.4372
  4   3   4   1 1.5153
  3   2   3   1 0.8746
  3   1   4   0 0.9372
  1   3   2   0 3.2185
  1   2   1   1 1.5616
  6   2   6   1 3.9057
  1   3   2   0 2.5779
  1   2   2   0 1.0776
  6   3   6   1 0.9528
  5   2   5   1 1.7034
  4   1   4   1 3.7499
  6   1   6   1 2.5154
  6   3   1   0 3.4843
  4   1   4   1 1.2655
  2   2   2   1 1.9371
  3   2   4   0 1.4213
  5   3   5   1 1.3749
  7   1   7   1 1.6717
  2   2   1   0 2.3908
  7   1   7   1 0.7806
  1   1   1   1 3.6095
  5   2   5   1 1.2033
  3   1   3   1 1.6404
  2   3   2   1 1.4843
  5   2   5   1 0.9533
  6   3   6   1 1.4998
  7   2   7   1 0.9684
  5   2   5   1 1.2185
  3   1   3   1 9.3439
  3   2   4   0 2.7500
  7   2   7   1 1.8747
  6   1   6   1 2.3430
  2   3   1   0 1.0934
  6   2   6   1 1.8900
  6   1   6   1 2.0622
  4   2   4   1 10.4840
  2   1   2   1 1.7027
  5   1   5   1 1.4841
  7   1   7   1 0.8747
  4   1   4   1 5.2966
  3   2   3   1 1.9058
  7   3   7   1 1.1716
  5   1   5   1 1.0778
  6   2   1   0 1.7498
  2   1   2   1 1.7029
  4   3   3   0 4.5152
  6   2   1   0 3.0467
  3   3   3   1 1.7495
  3   3   3   1 1.0467
  5   3   5   1 1.3897
  1   1   4   0 1.5776
  5   3   5   1 1.4534
  1   2   2   0 4.2027
  7   2   7   1 0.9214
  3   3   3   1 2.6094
  4   2   4   1 6.4375
  7   1   7   1 1.2498
  2   3   2   1 3.7655
  2   1   1   0 4.4530
  4   3   4   1 4.2966
  1   2   2   0 3.5625
  4   2   4   1 6.7500
  3   3   3   1 1.3434
  4   2   4   1 1.0470
  6   3   6   1 2.1873
  6   1   6   1 4.9218
  3   1   4   0 5.2184
  5   1   5   1 1.2341
  5   1   5   1 0.7963
  4   1   4   1 3.1410
  1   3   2   0 2.8438
  5   3   5   1 1.3279
  7   3   7   1 0.8121
  7   3   7   1 1.2653
  1   1   2   0 1.3435
  2   3   2   1 4.0937
  1   1   2   0 8.5934
  2   1   2   1 1.6246
  7   3   7   1 0.9220
  1   3   2   0 2.8748
  7   2   7   1 1.0785
