Ear: B
Audiogram left  : NA
Audiogram right : NA
# Keys:
# Consonant_ID  : d=1 g=2 l=3 f=4 th=5 jh=6 p=7 sh=8 t=9 
# Vowel_ID      : IH=1 EH=2 AE=3 
# F0_ID         : high_f0=1 low_f0=2 # Columns       : Trial Consonant_1_ID Consonant_2_ID Vowel_ID F0_ID Heard_Consonant Answer_vowel Correct Time_elapsed
1 2 2 2 2 1 2 1 4.5939
2 3 7 3 2 1 3 1 0.9009
3 1 4 1 2 1 1 1 0.6404
4 1 4 2 1 1 2 1 0.6680
5 2 2 2 1 1 2 1 1.7216
6 2 5 3 2 1 2 0 0.2485
7 1 8 1 1 1 1 1 0.3070
8 3 5 3 2 1 2 0 0.7165
9 3 6 3 1 1 3 1 1.1250
10 3 5 1 1 1 1 1 0.7473
11 2 9 2 1 1 2 1 0.8384
12 1 8 3 2 1 3 1 0.6853
13 1 6 2 1 1 2 1 1.7615
14 1 6 1 1 1 1 1 0.4692
15 2 9 3 2 1 3 1 1.0630
16 3 6 2 1 1 2 1 0.4766
17 3 6 2 2 1 3 0 1.1060
18 3 7 2 1 1 2 1 1.8332
19 3 7 1 1 1 1 1 0.6812
20 2 9 3 1 1 3 1 0.5666
21 1 1 2 2 1 2 1 0.6673
22 1 1 1 1 1 1 1 0.5631
23 1 6 3 2 1 3 1 1.5119
24 3 6 1 2 1 1 1 0.6354
25 3 7 1 2 1 1 1 1.4004
26 3 5 2 2 1 2 1 0.8685
27 3 1 1 2 1 1 1 0.8636
28 1 4 3 2 1 2 0 0.7198
29 1 8 2 2 1 2 1 0.8423
30 2 5 2 2 1 3 0 0.6876
31 1 1 3 2 1 3 1 0.6347
32 2 5 1 1 1 1 1 0.7283
33 1 1 1 2 1 1 1 0.7882
34 2 2 3 2 1 3 1 0.2500
35 2 2 1 2 1 2 0 0.8783
36 1 6 2 2 1 2 1 1.3610
37 3 1 2 2 1 2 1 1.0294
38 2 5 2 1 1 3 0 1.5006
39 3 7 2 2 1 2 1 0.5719
40 2 9 2 2 1 2 1 0.9920
41 1 8 2 1 1 2 1 0.9450
42 1 1 2 1 1 2 1 0.9628
43 3 1 1 1 1 1 1 0.7980
44 3 5 3 1 1 2 0 0.5525
45 2 5 1 2 1 1 1 0.6449
46 2 2 3 1 1 3 1 0.6320
47 2 9 1 1 1 1 1 0.4938
48 1 4 1 1 1 1 1 0.5417
49 2 2 1 1 1 1 1 2.4231
50 1 8 3 1 1 3 1 0.6163
51 1 4 3 1 1 2 0 0.4623
52 3 7 3 1 1 3 1 0.4801
53 3 5 1 2 1 1 1 0.6123
54 1 1 3 1 1 3 1 0.4697
55 3 1 2 1 1 1 0 0.7827
56 3 5 2 1 1 2 1 0.5115
57 2 5 3 1 1 3 1 0.9611
58 3 1 3 2 1 3 1 0.6631
59 1 8 1 2 1 1 1 0.5465
60 1 6 1 2 1 1 1 0.9502
61 2 9 1 2 1 1 1 3.1820
62 1 6 3 1 1 3 1 0.1236
63 1 4 2 2 1 2 1 0.6434
64 3 6 1 1 1 1 1 0.4624
65 3 6 3 2 1 3 1 0.3898
66 3 1 3 1 1 3 1 0.4094
