Ear: B
Audiogram left  : NA
Audiogram right : NA
# Keys:
# Consonant_ID  : d=1 g=2 l=3 f=4 th=5 jh=6 p=7 sh=8 t=9 
# Vowel_ID      : IH=1 EH=2 AE=3 
# F0_ID         : high_f0=1 low_f0=2 # Columns       : Trial Consonant_1_ID Consonant_2_ID Vowel_ID F0_ID Heard_Consonant Answer_vowel Correct Time_elapsed
1 2 9 2 1 1 2 1 0.6978
2 3 5 1 1 1 1 1 0.0431
3 3 1 3 2 1 3 1 0.4093
4 2 5 2 2 1 3 0 0.9463
5 2 2 1 2 1 1 1 0.8625
6 3 1 2 1 1 1 0 0.5251
7 3 1 3 1 1 3 1 0.3808
8 2 5 1 2 1 1 1 0.2484
9 3 1 1 1 1 1 1 0.7894
10 3 7 3 2 1 3 1 0.0708
11 2 2 3 2 1 3 1 0.0629
12 1 4 2 2 1 2 1 0.4607
13 3 5 2 1 1 2 1 0.1720
14 1 6 3 2 1 3 1 0.2488
15 2 9 1 1 1 1 1 0.2073
16 1 6 2 1 1 2 1 0.0107
17 3 5 3 2 1 2 0 0.7290
18 1 6 1 1 1 1 1 0.7200
19 2 5 2 1 1 2 1 0.5521
20 2 9 1 2 1 1 1 0.6104
21 3 5 3 1 1 3 1 0.0417
22 1 1 3 2 1 3 1 0.0517
23 3 7 1 2 1 1 1 0.4698
24 2 2 3 1 1 3 1 0.7093
25 3 6 2 1 1 2 1 0.7194
26 3 1 1 2 1 1 1 0.5624
27 2 5 1 1 1 1 1 0.3793
28 3 7 2 1 1 2 1 0.5926
29 1 4 1 1 1 1 1 0.5749
30 2 2 1 1 1 1 1 0.7956
31 3 7 1 1 1 1 1 0.0209
32 3 7 3 1 1 3 1 0.4694
33 1 1 2 1 1 3 0 0.8228
34 3 1 2 2 1 2 1 0.5620
35 2 9 3 2 1 3 1 0.9041
36 1 8 2 1 1 2 1 0.7289
37 3 6 3 1 1 3 1 0.7020
38 2 5 3 1 1 3 1 0.0631
39 1 1 1 1 1 1 1 0.4015
40 3 5 1 2 1 1 1 0.2769
41 3 6 2 2 1 2 1 0.7162
42 1 1 1 2 1 2 0 0.6005
43 2 9 2 2 1 2 1 0.6950
44 3 6 3 2 1 3 1 0.3902
45 1 8 1 1 1 1 1 0.1971
46 3 6 1 2 1 1 1 0.4776
47 2 2 2 1 1 2 1 0.9617
48 1 6 2 2 1 2 1 0.7362
49 3 7 2 2 1 2 1 0.9245
50 1 1 2 2 1 2 1 0.4932
51 3 5 2 2 1 2 1 0.5131
52 1 1 3 1 1 3 1 0.5405
53 1 8 3 2 1 3 1 0.0726
54 1 8 3 1 1 3 1 0.1961
55 1 4 2 1 1 2 1 0.3700
56 1 6 3 1 1 3 1 0.6782
57 2 9 3 1 1 3 1 0.2066
58 1 4 1 2 1 1 1 0.4510
59 3 6 1 1 1 1 1 0.7586
60 1 8 1 2 1 1 1 1.0425
61 1 6 1 2 1 2 0 1.3444
62 2 2 2 2 1 2 1 0.5747
63 1 4 3 2 1 3 1 0.5235
64 1 8 2 2 1 2 1 0.4383
65 2 5 3 2 1 2 0 0.5809
66 1 4 3 1 1 3 1 0.6942
