Ear: B
Audiogram left  : NA
Audiogram right : NA
# Keys:
# Consonant_ID  : d=1 g=2 l=3 f=4 th=5 jh=6 p=7 sh=8 t=9 
# Vowel_ID      : IH=1 EH=2 AE=3 
# F0_ID         : high_f0=1 low_f0=2 # Columns       : Trial Consonant_1_ID Consonant_2_ID Vowel_ID F0_ID Heard_Consonant Answer_vowel Correct Time_elapsed
1 1 8 3 2 1 3 1 0.7012
2 1 1 1 2 1 2 0 2.1299
3 2 5 3 2 1 2 0 0.6658
4 3 5 1 1 1 1 1 0.6336
5 2 9 3 1 1 3 1 0.4099
6 3 1 3 2 1 3 1 0.5946
7 1 1 2 2 1 2 1 0.7266
8 1 1 1 1 1 1 1 0.9005
9 1 6 2 2 1 2 1 1.1530
10 3 6 1 2 1 1 1 0.5203
11 1 8 2 1 1 2 1 1.8564
12 3 5 3 1 1 3 1 0.4781
13 3 5 2 1 1 2 1 1.0399
14 3 6 3 2 1 3 1 0.5029
15 1 4 3 2 1 2 0 0.9086
16 3 6 2 2 1 2 1 0.6763
17 3 1 1 2 1 1 1 0.5089
18 2 2 1 1 1 1 1 2.0601
19 2 5 1 2 1 1 1 0.5921
20 2 9 2 2 1 2 1 0.6070
21 2 2 2 2 1 2 1 0.5583
22 2 9 1 2 1 2 0 0.9502
23 1 6 3 2 1 3 1 0.5444
24 3 7 2 1 1 2 1 0.6772
25 1 8 1 2 1 1 1 0.6470
26 3 7 1 1 1 1 1 0.5383
27 3 5 1 2 1 1 1 0.6224
28 1 6 2 1 1 2 1 0.4918
29 2 9 2 1 1 2 1 0.6755
30 1 8 1 1 1 1 1 0.5387
31 1 8 3 1 1 3 1 0.4080
32 1 4 1 2 1 1 1 0.5206
33 3 1 2 1 1 2 1 0.9606
34 3 5 3 2 1 2 0 0.5350
35 1 4 1 1 1 1 1 0.3789
36 1 8 2 2 1 2 1 0.2580
37 3 1 3 1 1 3 1 0.3492
38 2 2 3 1 1 3 1 0.3958
39 1 6 1 2 1 1 1 0.9269
40 1 1 3 2 1 3 1 0.4147
41 2 2 3 2 1 3 1 0.3678
42 3 6 2 1 1 2 1 0.9036
43 1 4 3 1 1 2 0 0.6552
44 2 9 1 1 1 1 1 0.6837
45 2 5 2 2 1 2 1 0.5132
46 2 9 3 2 1 3 1 0.3813
47 3 7 2 2 1 2 1 1.8193
48 3 7 3 1 1 3 1 0.3987
49 3 1 2 2 1 2 1 0.4293
50 3 7 3 2 1 3 1 0.3405
51 3 1 1 1 1 1 1 0.4136
52 2 2 2 1 1 2 1 0.4722
53 2 2 1 2 1 1 1 1.1984
54 2 5 3 1 1 3 1 0.7912
55 1 1 3 1 1 3 1 0.0925
56 2 5 2 1 1 2 1 0.8697
57 1 4 2 2 1 2 1 0.6053
58 3 6 1 1 1 1 1 0.5263
59 1 4 2 1 1 2 1 0.4827
60 3 7 1 2 1 1 1 0.4425
61 1 6 1 1 1 1 1 0.5823
62 3 5 2 2 1 2 1 0.4287
63 1 1 2 1 1 2 1 0.4218
64 1 6 3 1 1 3 1 0.6366
65 3 6 3 1 1 3 1 1.0237
66 2 5 1 1 1 1 1 0.5110
