Ear: L
Sound system: Babyface + MixCubeAudiogram left input: NA
Audiogram right input: NA
vowID vowF0 answer correct time_elapsed
  7   3   7   1 1.1402
  1   3   2   0 2.0776
  4   1   4   1 8.6719
  6   1   6   1 2.6091
  2   3   2   1 4.1097
  3   1   4   0 7.5783
  7   2   7   1 1.0619
  7   3   7   1 2.2813
  6   1   6   1 0.9689
  2   3   2   1 4.1405
  5   3   5   1 1.4062
  5   1   5   1 1.6081
  4   3   4   1 3.9530
  1   3   2   0 3.8595
  7   1   7   1 1.0778
  3   2   4   0 6.0774
  5   3   5   1 1.2649
  2   1   2   1 1.4060
  4   2   3   0 2.6872
  7   2   7   1 2.2342
  6   3   6   1 5.7340
  6   3   6   1 0.8121
  3   1   4   0 6.4062
  1   3   4   0 1.1401
  4   3   3   0 2.3592
  7   3   7   1 1.1712
  3   3   3   1 4.2972
  3   1   4   0 0.8278
  7   1   7   1 1.2809
  6   2   6   1 1.2971
  6   3   6   1 0.8750
  2   1   2   1 1.7966
  1   1   1   1 0.8904
  5   1   5   1 1.4996
  4   2   3   0 4.6560
  5   3   5   1 1.2341
  1   2   2   0 2.3279
  7   2   7   1 0.9059
  1   2   1   1 4.1249
  3   1   3   1 2.4361
  1   2   1   1 7.3906
  1   2   1   1 1.1871
  5   2   5   1 1.1558
  3   3   3   1 2.5467
  6   1   6   1 1.0622
  7   2   7   1 0.8117
  4   1   4   1 8.7185
  2   3   1   0 8.9687
  6   2   1   0 2.9217
  3   2   4   0 4.5465
  5   3   5   1 1.8901
  2   2   2   1 4.1404
  4   2   3   0 4.7811
  2   1   2   1 1.1873
  2   2   2   1 3.0467
  2   1   2   1 2.2653
  5   1   5   1 1.5934
  3   2   3   1 2.2497
  5   2   5   1 2.0624
  5   2   5   1 1.8751
  4   3   4   1 1.5312
  3   3   3   1 2.7500
  1   1   2   0 4.3748
  2   3   2   1 0.8904
  6   3   6   1 1.6246
  3   2   4   0 3.9217
  2   2   2   1 1.6246
  1   1   2   0 4.5469
  3   3   3   1 2.7027
  6   1   6   1 1.0157
  1   3   1   1 2.7959
  7   1   5   0 1.3416
  1   1   2   0 6.8280
  7   3   7   1 1.2183
  4   2   3   0 5.8434
  4   3   4   1 1.2811
  2   2   2   1 1.5935
  7   1   7   1 1.1715
  6   2   6   1 3.1717
  5   2   5   1 1.0777
  5   1   5   1 1.6091
  4   1   3   0 5.4062
  4   1   4   1 0.7500
  6   2   6   1 2.1091
