18
125	175	250	375	500	625	750	875	1000	1250	1500	2000	3000	4000	5000	6000	7000	8000	
54.00	54.00	51.50	48.50	50.50	50.50	56.00	56.50	60.00	60.75	65.00	67.50	67.00	69.75	68.00	60.50	54.50	57.75	
54.00	56.00	51.50	48.50	50.50	48.50	56.00	53.50	57.00	57.75	58.00	66.50	62.00	61.75	60.00	55.50	52.50	57.75	

All values in dB SPL:
125	175	250	375	500	625	750	875	1000	1250	1500	2000	3000	4000	5000	6000	7000	8000	
73.00	75.00	75.00	75.00	70.00	70.00	65.00	65.00	62.00	62.00	58.00	58.00	60.00	57.00	57.00	60.00	63.00	65.00	
73.00	73.00	75.00	75.00	70.00	72.00	65.00	68.00	65.00	65.00	65.00	59.00	65.00	65.00	65.00	65.00	65.00	65.00	

Date : 7_15_2025

Time : 13:14:42

Subject ID: NH290

Stimulation Type: Monaural

--------------------------------

