Ear: B
Audiogram left  : NA
Audiogram right : NA
# Keys:
# Consonant_ID  : d=1 g=2 l=3 f=4 th=5 jh=6 p=7 sh=8 t=9 
# Vowel_ID      : IH=1 EH=2 AE=3 
# F0_ID         : high_f0=1 low_f0=2 # Columns       : Trial Consonant_1_ID Consonant_2_ID Vowel_ID F0_ID Heard_Consonant Answer_vowel Correct Time_elapsed
1 2 5 2 1 1 2 1 1.4300
2 3 5 3 1 1 3 1 1.2152
3 2 2 2 1 1 2 1 2.1880
4 1 8 1 2 1 1 1 1.8127
5 3 6 1 1 1 1 1 1.6997
6 2 5 3 2 1 2 0 2.1643
7 3 1 1 1 1 1 1 0.6813
8 3 5 1 1 1 1 1 1.1018
9 1 4 3 2 1 3 1 0.6755
10 2 2 3 2 1 3 1 1.3638
11 3 7 2 2 1 2 1 1.1702
12 3 7 1 1 1 1 1 1.6646
13 3 6 3 2 1 3 1 2.0578
14 1 6 1 1 1 1 1 2.2896
15 2 9 2 1 1 2 1 0.9265
16 1 1 2 1 1 2 1 1.0893
17 1 8 3 2 1 3 1 1.3471
18 2 9 3 1 1 3 1 2.0930
19 1 8 1 1 1 1 1 0.9381
20 3 6 2 2 1 2 1 1.0615
21 3 1 2 1 1 2 1 1.3020
22 1 6 2 1 1 2 1 0.9170
23 1 4 3 1 1 3 1 1.8439
24 3 7 3 2 1 3 1 1.1029
25 1 1 1 2 1 1 1 1.7516
26 3 1 2 2 1 2 1 1.3021
27 2 5 3 1 1 3 1 1.0309
28 1 6 3 1 1 3 1 1.5207
29 3 6 2 1 1 2 1 1.5920
30 3 7 1 2 1 1 1 1.4931
31 1 6 1 2 1 1 1 1.2778
32 1 6 3 2 1 3 1 4.2240
33 3 1 3 1 1 3 1 1.2185
34 2 5 2 2 1 2 1 1.0490
35 1 8 3 1 1 3 1 1.7402
36 3 7 3 1 1 3 1 2.4454
37 2 2 3 1 1 3 1 1.7399
38 2 9 3 2 1 3 1 0.6640
39 1 4 1 2 1 1 1 1.1391
40 3 5 1 2 1 1 1 0.8038
41 3 7 2 1 1 2 1 1.7343
42 1 8 2 2 1 2 1 1.3676
43 2 9 1 2 1 1 1 0.9849
44 3 5 2 2 1 2 1 1.1295
45 1 4 1 1 1 1 1 0.5831
46 3 6 3 1 1 3 1 1.1509
47 1 1 3 2 1 3 1 1.3115
48 3 1 3 2 1 3 1 0.8666
49 2 5 1 2 1 1 1 0.8955
50 2 2 1 1 1 1 1 1.1016
51 2 2 2 2 1 2 1 1.7019
52 2 2 1 2 1 1 1 1.0394
53 1 4 2 2 1 2 1 0.8676
54 1 1 3 1 1 3 1 1.4977
55 2 9 2 2 1 2 1 1.7504
56 2 9 1 1 1 1 1 0.9036
57 3 6 1 2 1 1 1 0.9285
58 2 5 1 1 1 1 1 1.5480
59 3 1 1 2 1 1 1 1.0197
60 3 5 2 1 1 2 1 1.0430
61 1 1 1 1 1 1 1 1.6316
62 1 8 2 1 1 2 1 1.4574
63 1 6 2 2 1 2 1 1.3872
64 1 4 2 1 1 2 1 1.1631
65 3 5 3 2 1 3 1 1.1825
66 1 1 2 2 1 2 1 1.7774
