Ear: B
Audiogram left  : NA
Audiogram right : NA
# Keys:
# Consonant_ID  : d=1 g=2 l=3 f=4 th=5 jh=6 p=7 sh=8 t=9 
# Vowel_ID      : IH=1 EH=2 AE=3 
# F0_ID         : high_f0=1 low_f0=2 
# Columns       : Trial Con1 Con2 V1 V2 F01 F02 Ans1V Ans2V Ans3V Ans1C Ans2C Ans3C OneType BothOK RT
1 3 1 1 3 1 2 3 1 -1 1 1 0 0 1 12.3484
2 2 2 3 3 1 2 3 1 -1 1 1 0 0 0 8.1273
3 3 5 3 1 1 1 1 3 -1 1 1 0 0 1 8.7759
4 3 7 3 1 2 2 1 3 -1 1 1 0 0 1 7.7810
5 2 5 3 3 1 2 3 3 2 1 0 1 0 0 13.9596
6 1 1 3 1 1 2 1 1 -1 1 0 0 1 0 16.5176
7 2 5 1 3 1 2 3 1 -1 1 1 0 0 1 6.8663
8 2 5 1 3 1 1 1 1 3 1 0 1 0 1 6.5107
9 2 5 1 1 1 2 1 1 -1 1 0 0 1 1 12.9312
10 1 8 3 1 2 2 1 1 3 1 0 0 0 1 17.4965
11 3 7 1 3 2 2 3 1 -1 1 1 0 0 1 8.0215
12 1 1 3 3 1 2 3 3 -1 1 0 0 1 1 15.4408
13 1 4 1 3 2 2 1 3 1 1 1 0 0 1 8.4654
14 2 5 3 1 1 2 1 3 -1 1 1 0 0 1 9.9783
15 3 6 2 2 1 2 2 1 2 1 1 0 0 0 17.5678
16 2 5 3 1 1 1 1 1 3 1 0 1 0 1 6.5962
17 1 4 1 1 1 1 1 -1 -1 1 0 0 1 1 5.7416
18 2 9 3 3 1 2 3 3 1 1 0 1 0 0 5.9439
19 3 6 3 1 2 2 1 1 3 1 0 0 0 1 15.0790
20 2 2 1 3 1 2 3 1 -1 1 1 0 0 1 5.2629
21 3 1 3 3 1 2 3 3 -1 1 0 0 1 1 5.9110
22 3 7 3 3 1 2 3 3 1 1 0 1 0 0 9.9687
23 3 7 1 1 1 2 1 1 -1 1 0 0 1 1 22.0655
24 3 1 1 3 2 2 3 1 -1 1 1 0 0 1 10.5261
25 2 2 1 3 1 1 1 3 -1 1 1 0 0 1 5.1580
26 2 9 3 1 2 2 1 3 1 1 1 0 0 1 7.4335
27 3 7 2 2 1 2 2 2 -1 1 0 0 1 1 15.2331
28 1 6 1 3 2 2 1 1 3 1 0 0 0 1 10.5868
29 3 5 1 3 1 1 1 3 -1 1 1 0 0 1 8.7122
30 2 9 1 3 1 2 1 3 -1 1 1 0 0 1 6.1364
31 2 2 1 3 2 2 1 3 -1 1 1 0 0 1 6.9638
32 3 5 3 3 1 2 3 2 3 1 1 0 0 0 8.8087
33 2 9 3 1 1 1 1 3 1 1 1 0 0 1 7.5193
34 1 1 1 3 1 2 1 3 -1 1 1 0 0 1 8.7740
35 2 2 3 1 1 2 1 3 -1 1 1 0 0 1 8.3466
36 2 2 1 1 1 2 1 1 -1 1 0 0 1 1 6.0887
37 1 6 2 2 2 2 2 -1 -1 1 0 0 1 1 2.6366
38 1 6 3 3 1 2 3 3 -1 1 0 0 1 1 13.5415
39 1 4 3 1 2 2 1 3 1 1 1 0 0 1 10.2001
40 1 6 3 1 2 2 1 1 3 1 0 0 0 1 13.8381
41 1 8 2 2 1 2 2 -1 -1 1 0 0 1 1 1.2026
42 3 1 2 2 1 2 2 1 -1 1 1 0 0 0 8.2950
43 3 5 1 3 2 2 1 1 3 1 0 0 0 1 13.5359
44 3 1 1 1 1 2 1 1 -1 1 0 0 1 1 19.9875
45 3 6 3 3 1 2 3 1 3 1 1 0 0 0 15.2613
46 1 6 2 2 1 1 2 -1 -1 1 0 0 1 1 1.6721
47 3 5 3 3 1 1 2 -1 -1 1 0 0 1 0 2.1744
48 2 2 2 2 1 2 2 2 -1 1 0 0 1 1 6.2737
49 1 8 1 3 1 1 1 3 -1 1 1 0 0 1 6.4726
50 3 5 3 3 2 2 2 -1 -1 1 0 0 1 0 5.2255
51 1 8 1 1 2 2 1 -1 -1 1 0 0 1 1 1.3436
52 3 6 1 3 2 2 1 3 -1 1 0 0 0 1 15.5680
53 2 5 1 3 2 2 1 3 -1 1 1 0 0 1 6.3138
54 2 9 1 3 1 1 1 3 -1 1 1 0 0 1 6.7459
55 3 7 3 1 1 2 3 1 -1 1 1 0 0 1 9.9353
56 2 2 3 1 2 2 1 3 -1 1 1 0 0 1 11.8799
57 1 8 3 1 1 1 1 1 3 1 0 0 0 1 8.8813
58 3 6 1 3 1 2 1 3 1 1 1 0 0 1 6.6276
59 1 4 1 3 1 2 1 3 -1 1 1 0 0 1 4.8712
60 3 5 3 1 2 2 1 1 3 1 0 1 0 1 7.3570
61 2 9 1 1 1 2 1 1 -1 1 0 0 1 1 4.9925
62 3 1 3 1 1 1 1 3 -1 1 1 0 0 1 5.2039
63 1 8 3 3 1 2 3 3 2 1 0 1 0 0 17.7355
64 1 1 1 3 2 2 1 3 -1 1 0 0 0 1 10.5874
65 3 5 1 1 1 2 1 1 -1 1 0 0 1 1 13.0615
66 1 8 1 1 1 2 1 -1 -1 1 0 0 1 1 1.4325
67 3 1 1 3 1 1 1 3 -1 1 1 0 0 1 6.0073
68 1 4 3 3 1 2 3 3 -1 1 0 0 1 1 5.7291
69 1 4 1 1 1 2 1 -1 -1 1 0 0 1 1 1.4077
70 2 5 2 2 1 2 2 2 -1 1 0 0 1 1 4.7186
71 1 8 1 3 2 2 1 1 3 1 0 0 0 1 8.8937
72 1 4 1 1 2 2 1 -1 -1 1 0 0 1 1 2.8471
73 1 8 3 1 1 2 1 1 3 1 0 0 0 1 6.6006
74 1 6 1 3 1 1 1 3 -1 1 1 0 0 1 8.6517
75 3 7 3 1 1 1 1 3 -1 1 1 0 0 1 7.0607
76 2 9 1 3 2 2 1 3 -1 1 1 0 0 1 4.6058
77 3 7 1 3 1 2 3 1 -1 1 1 0 0 1 10.8416
78 1 1 3 1 2 2 1 1 3 1 0 0 0 1 7.3684
79 2 9 3 1 1 2 1 3 1 1 1 0 0 1 5.2655
80 3 6 3 1 1 2 1 1 3 1 0 0 0 1 12.1869
81 1 1 1 3 1 1 1 3 -1 1 0 0 0 1 7.7883
82 1 1 1 1 1 2 1 1 2 1 0 0 0 0 16.6012
83 3 6 3 1 1 1 1 3 1 1 1 0 0 1 10.2320
84 3 1 3 1 2 2 1 3 -1 1 1 0 0 1 15.0184
85 1 6 3 1 1 2 1 3 -1 1 1 0 0 1 3.9271
86 1 6 3 1 1 1 1 1 3 1 0 0 0 1 13.4751
87 1 6 1 3 1 2 1 3 -1 1 1 0 0 1 7.0933
88 1 4 2 2 1 2 2 -1 -1 1 0 0 1 1 1.0699
89 1 4 1 3 1 1 2 3 -1 1 1 0 0 0 5.3796
90 1 1 2 2 1 2 2 2 3 1 0 1 0 0 13.4944
91 1 1 1 1 2 2 1 -1 -1 1 0 0 1 1 2.7953
92 2 2 3 1 1 1 1 1 3 1 0 1 0 1 6.5634
93 1 4 3 1 1 1 1 1 3 1 0 1 0 1 8.0443
94 2 9 1 1 2 2 1 -1 -1 1 0 0 1 1 1.7001
95 1 6 1 1 1 2 1 1 -1 1 0 0 1 1 5.1632
96 1 8 1 3 1 2 1 3 -1 1 1 0 0 1 10.5925
97 1 8 3 3 1 1 3 -1 -1 1 0 0 1 1 1.6527
98 3 7 1 3 1 1 3 1 -1 1 1 0 0 1 5.9378
99 2 5 1 1 1 1 1 -1 -1 1 0 0 1 1 1.4345
100 3 5 1 3 1 2 1 3 -1 1 1 0 0 1 8.2881
101 3 6 1 1 1 2 1 1 -1 1 0 0 1 1 9.2522
102 3 1 3 1 1 2 1 3 -1 1 1 0 0 1 12.1319
103 2 5 3 1 2 2 1 3 1 1 1 0 0 1 5.5315
104 3 5 3 1 1 2 1 1 3 1 0 1 0 1 11.1973
105 3 5 2 2 1 2 2 2 -1 1 0 0 1 1 6.8519
106 1 4 3 1 1 2 1 3 1 1 1 0 0 1 5.6106
107 3 6 1 3 1 1 1 3 -1 1 1 0 0 1 4.6301
108 1 1 3 1 1 1 1 3 -1 1 0 0 0 1 7.9762
109 2 9 2 2 1 2 2 2 -1 1 0 0 1 1 4.8207
110 1 6 2 2 1 2 2 2 1 1 0 1 0 0 5.7688
