Ear: B
Audiogram left  : NA
Audiogram right : NA
# Keys:
# Consonant_ID  : d=1 g=2 l=3 f=4 th=5 jh=6 p=7 sh=8 t=9 
# Vowel_ID      : IH=1 EH=2 AE=3 
# F0_ID         : high_f0=1 low_f0=2 
# Columns       : Trial Con1 Con2 V1 V2 F01 F02 Ans1V Ans2V Ans3V Ans1C Ans2C Ans3C OneType BothOK RT
1 3 1 1 3 1 2 3 1 -1 1 1 0 0 1 14.2248
2 2 2 3 3 1 2 2 3 -1 1 1 0 0 0 7.3991
3 3 5 3 1 1 1 1 2 -1 0 1 0 0 0 9.9233
4 3 7 3 1 2 2 3 1 -1 1 1 0 0 1 11.2798
5 2 5 3 3 1 2 3 2 -1 1 1 0 0 0 8.0526
6 1 1 3 1 1 2 1 2 -1 1 0 0 0 0 8.6504
7 2 5 1 3 1 2 1 3 -1 1 1 0 0 1 8.9975
8 2 5 1 3 1 1 1 3 -1 1 0 0 0 1 9.3603
9 2 5 1 1 1 2 1 1 -1 1 0 0 1 1 7.5739
10 1 8 3 1 2 2 1 3 -1 1 0 0 0 1 10.4731
11 3 7 1 3 2 2 1 3 -1 1 1 0 0 1 3.8612
12 1 1 3 3 1 2 3 1 -1 1 1 0 0 0 14.6483
13 1 4 1 3 2 2 1 1 3 1 0 0 0 1 10.6365
14 2 5 3 1 1 2 1 2 -1 1 1 0 0 0 16.5337
15 3 6 2 2 1 2 2 2 -1 1 0 0 1 1 20.9571
16 2 5 3 1 1 1 1 2 -1 1 1 0 0 0 6.9984
17 1 4 1 1 1 1 1 -1 -1 1 0 0 1 1 2.7437
18 2 9 3 3 1 2 3 2 3 1 1 0 0 0 10.6749
19 3 6 3 1 2 2 1 3 -1 1 0 0 0 1 18.2385
20 2 2 1 3 1 2 1 3 -1 1 1 0 0 1 6.2351
21 3 1 3 3 1 2 3 1 -1 1 1 0 0 0 5.5073
22 3 7 3 3 1 2 3 3 -1 1 0 0 1 1 5.4504
23 3 7 1 1 1 2 1 2 1 1 1 0 0 0 15.1251
24 3 1 1 3 2 2 3 1 -1 1 1 0 0 1 8.8698
25 2 2 1 3 1 1 1 3 -1 1 1 0 0 1 7.4274
26 2 9 3 1 2 2 1 3 1 1 1 0 0 1 13.5834
27 3 7 2 2 1 2 2 1 -1 1 1 0 0 0 7.1313
28 1 6 1 3 2 2 1 3 -1 1 0 0 0 1 17.0477
29 3 5 1 3 1 1 1 3 -1 1 1 0 0 1 6.9365
30 2 9 1 3 1 2 1 3 -1 1 1 0 0 1 6.7465
31 2 2 1 3 2 2 1 3 -1 1 1 0 0 1 7.1962
32 3 5 3 3 1 2 3 2 -1 1 1 0 0 0 8.4353
33 2 9 3 1 1 1 1 3 -1 1 1 0 0 1 5.8962
34 1 1 1 3 1 2 1 3 -1 1 0 0 0 1 10.0443
35 2 2 3 1 1 2 1 3 -1 1 1 0 0 1 14.0895
36 2 2 1 1 1 2 1 1 -1 1 0 0 1 1 6.8397
37 1 6 2 2 2 2 2 -1 -1 1 0 0 1 1 2.0356
38 1 6 3 3 1 2 3 3 -1 1 0 0 1 1 10.1142
39 1 4 3 1 2 2 1 1 3 1 0 0 0 1 13.7166
40 1 6 3 1 2 2 1 1 3 1 0 0 0 1 8.0480
41 1 8 2 2 1 2 2 -1 -1 1 0 0 1 1 4.3460
42 3 1 2 2 1 2 1 2 -1 1 1 0 0 0 6.6133
43 3 5 1 3 2 2 1 3 -1 1 1 0 0 1 8.0047
44 3 1 1 1 1 2 1 1 2 1 0 0 0 0 17.7676
45 3 6 3 3 1 2 3 3 -1 1 0 0 1 1 16.6745
46 1 6 2 2 1 1 2 -1 -1 1 0 0 1 1 2.2701
47 3 5 3 3 1 1 2 -1 -1 1 0 0 1 0 4.1454
48 2 2 2 2 1 2 2 2 -1 1 0 0 1 1 8.8832
49 1 8 1 3 1 1 1 3 -1 1 0 0 0 1 8.2449
50 3 5 3 3 2 2 3 -1 -1 1 0 0 1 1 2.6947
51 1 8 1 1 2 2 1 -1 -1 1 0 0 1 1 1.6001
52 3 6 1 3 2 2 1 3 -1 1 1 0 0 1 11.3976
53 2 5 1 3 2 2 1 3 -1 1 1 0 0 1 5.8890
54 2 9 1 3 1 1 1 3 -1 1 1 0 0 1 6.0936
55 3 7 3 1 1 2 1 3 -1 1 1 0 0 1 5.5047
56 2 2 3 1 2 2 1 2 -1 1 1 0 0 0 7.3176
57 1 8 3 1 1 1 1 3 1 1 0 0 0 1 17.1982
58 3 6 1 3 1 2 1 3 -1 1 0 0 0 1 11.6739
59 1 4 1 3 1 2 1 3 -1 1 1 0 0 1 6.4895
60 3 5 3 1 2 2 1 3 -1 1 1 0 0 1 10.7500
61 2 9 1 1 1 2 1 1 -1 1 0 0 1 1 5.0559
62 3 1 3 1 1 1 1 3 -1 1 1 0 0 1 5.2569
63 1 8 3 3 1 2 2 3 -1 1 1 0 0 0 6.8334
64 1 1 1 3 2 2 2 3 -1 1 0 0 0 0 7.2534
65 3 5 1 1 1 2 1 1 -1 1 0 0 1 1 6.9496
66 1 8 1 1 1 2 1 -1 -1 1 0 0 1 1 2.2336
67 3 1 1 3 1 1 3 1 -1 1 1 0 0 1 8.2482
68 1 4 3 3 1 2 3 3 -1 1 0 0 1 1 7.7207
69 1 4 1 1 1 2 1 -1 -1 1 0 0 1 1 1.6294
70 2 5 2 2 1 2 2 3 -1 1 1 0 0 0 2.9210
71 1 8 1 3 2 2 1 2 3 1 1 0 0 0 15.0813
72 1 4 1 1 2 2 1 -1 -1 1 0 0 1 1 1.4429
73 1 8 3 1 1 2 1 1 3 1 0 0 0 1 6.8418
74 1 6 1 3 1 1 1 3 -1 1 1 0 0 1 7.7905
75 3 7 3 1 1 1 3 1 -1 1 1 0 0 1 5.8643
76 2 9 1 3 2 2 1 3 -1 1 1 0 0 1 7.7637
77 3 7 1 3 1 2 3 1 -1 1 1 0 0 1 10.9486
78 1 1 3 1 2 2 1 3 -1 1 0 0 0 1 16.0519
79 2 9 3 1 1 2 1 3 1 1 1 0 0 1 6.8078
80 3 6 3 1 1 2 1 3 -1 1 0 0 0 1 14.8398
81 1 1 1 3 1 1 1 3 -1 1 0 0 0 1 7.9400
82 1 1 1 1 1 2 1 1 2 1 0 0 0 0 13.3315
83 3 6 3 1 1 1 1 3 -1 1 1 0 0 1 12.1669
84 3 1 3 1 2 2 1 3 -1 1 1 0 0 1 7.1010
85 1 6 3 1 1 2 1 3 1 1 1 0 0 1 8.6293
86 1 6 3 1 1 1 1 1 3 1 0 0 0 1 9.5075
87 1 6 1 3 1 2 1 3 -1 1 1 0 0 1 6.2923
88 1 4 2 2 1 2 2 -1 -1 1 0 0 1 1 1.9436
89 1 4 1 3 1 1 2 3 -1 1 1 0 0 0 5.1825
90 1 1 2 2 1 2 2 2 -1 1 0 0 1 1 8.3348
91 1 1 1 1 2 2 1 -1 -1 1 0 0 1 1 2.1266
92 2 2 3 1 1 1 1 3 -1 1 1 0 0 1 7.7971
93 1 4 3 1 1 1 1 3 -1 1 1 0 0 1 10.3407
94 2 9 1 1 2 2 1 -1 -1 1 0 0 1 1 2.3444
95 1 6 1 1 1 2 1 1 -1 1 0 0 1 1 10.9263
96 1 8 1 3 1 2 1 3 -1 1 0 0 0 1 6.1121
97 1 8 3 3 1 1 3 -1 -1 1 0 0 1 1 1.6111
98 3 7 1 3 1 1 1 3 -1 1 1 0 0 1 4.9755
99 2 5 1 1 1 1 1 -1 -1 1 0 0 1 1 2.1264
100 3 5 1 3 1 2 2 1 3 1 1 0 0 0 13.5817
101 3 6 1 1 1 2 1 1 2 1 0 0 0 0 13.3823
102 3 1 3 1 1 2 3 1 -1 1 1 0 0 1 10.6382
103 2 5 3 1 2 2 1 2 -1 1 1 0 0 0 7.4320
104 3 5 3 1 1 2 1 2 1 1 1 0 0 0 10.1939
105 3 5 2 2 1 2 2 2 -1 1 0 0 1 1 5.1736
106 1 4 3 1 1 2 1 3 1 1 0 0 0 1 10.1518
107 3 6 1 3 1 1 1 3 -1 1 1 0 0 1 7.0259
108 1 1 3 1 1 1 1 3 -1 1 0 0 0 1 8.4630
109 2 9 2 2 1 2 2 3 -1 1 1 0 0 0 6.2647
110 1 6 2 2 1 2 2 3 -1 1 1 0 0 0 12.4627
