Ear: B
Audiogram left  : NA
Audiogram right : NA
# Keys:
# Consonant_ID  : d=1 g=2 l=3 f=4 th=5 jh=6 p=7 sh=8 t=9 
# Vowel_ID      : IH=1 EH=2 AE=3 
# F0_ID         : high_f0=1 low_f0=2 
# Columns       : Trial Con1 Con2 V1 V2 F01 F02 Ans1V Ans2V Ans3V Ans1C Ans2C Ans3C OneType BothOK RT
1 3 1 1 3 1 2 3 1 -1 1 1 0 0 1 7.9393
2 2 2 3 3 1 2 3 3 1 1 0 1 0 0 6.2174
3 3 5 3 1 1 1 1 1 -1 1 0 0 1 0 13.8941
4 3 7 3 1 2 2 1 3 1 1 1 0 0 1 5.6281
5 2 5 3 3 1 2 3 3 -1 1 0 0 1 1 5.8076
6 1 1 3 1 1 2 1 1 2 1 0 0 0 0 14.9218
7 2 5 1 3 1 2 1 3 -1 1 1 0 0 1 3.9123
8 2 5 1 3 1 1 1 1 3 1 0 1 0 1 5.4872
9 2 5 1 1 1 2 1 1 -1 1 0 0 1 1 6.6347
10 1 8 3 1 2 2 1 1 3 1 0 0 0 1 5.6035
11 3 7 1 3 2 2 3 1 -1 1 1 0 0 1 8.7647
12 1 1 3 3 1 2 3 3 1 1 0 1 0 0 15.9495
13 1 4 1 3 2 2 1 3 1 1 1 0 0 1 5.2413
14 2 5 3 1 1 2 1 1 3 1 0 1 0 1 7.2142
15 3 6 2 2 1 2 2 2 -1 1 0 0 1 1 15.7143
16 2 5 3 1 1 1 1 3 1 1 1 0 0 1 4.8448
17 1 4 1 1 1 1 1 -1 -1 1 0 0 1 1 1.3962
18 2 9 3 3 1 2 3 3 -1 1 0 0 1 1 4.2992
19 3 6 3 1 2 2 1 1 3 1 0 1 0 1 10.6727
20 2 2 1 3 1 2 1 3 -1 1 1 0 0 1 4.6752
21 3 1 3 3 1 2 3 3 1 1 0 1 0 0 4.4316
22 3 7 3 3 1 2 3 3 -1 1 0 0 1 1 6.4604
23 3 7 1 1 1 2 1 1 2 1 0 1 0 0 15.2788
24 3 1 1 3 2 2 3 1 -1 1 1 0 0 1 10.5613
25 2 2 1 3 1 1 1 3 -1 1 1 0 0 1 5.6526
26 2 9 3 1 2 2 1 3 1 1 1 0 0 1 6.7690
27 3 7 2 2 1 2 2 2 1 1 0 1 0 0 14.2842
28 1 6 1 3 2 2 1 1 3 1 0 1 0 1 10.1578
29 3 5 1 3 1 1 1 3 -1 1 1 0 0 1 10.7389
30 2 9 1 3 1 2 3 1 -1 1 1 0 0 1 4.7121
31 2 2 1 3 2 2 1 3 -1 1 1 0 0 1 3.9868
32 3 5 3 3 1 2 3 3 -1 1 0 0 1 1 5.5892
33 2 9 3 1 1 1 1 1 3 1 0 1 0 1 10.1318
34 1 1 1 3 1 2 1 1 3 1 0 0 0 1 10.8566
35 2 2 3 1 1 2 1 3 -1 1 1 0 0 1 9.4463
36 2 2 1 1 1 2 1 1 -1 1 0 0 1 1 4.3417
37 1 6 2 2 2 2 2 -1 -1 1 0 0 1 1 1.4578
38 1 6 3 3 1 2 3 3 -1 1 0 0 1 1 7.4558
39 1 4 3 1 2 2 1 3 1 1 1 0 0 1 5.3613
40 1 6 3 1 2 2 1 1 3 1 0 0 0 1 13.7380
41 1 8 2 2 1 2 2 -1 -1 1 0 0 1 1 3.6970
42 3 1 2 2 1 2 2 2 1 1 0 1 0 0 13.2595
43 3 5 1 3 2 2 1 3 -1 1 1 0 0 1 6.9789
44 3 1 1 1 1 2 1 1 -1 1 0 0 1 1 24.5739
45 3 6 3 3 1 2 3 3 -1 1 0 0 1 1 12.3590
46 1 6 2 2 1 1 2 -1 -1 1 0 0 1 1 4.4440
47 3 5 3 3 1 1 2 -1 -1 1 0 0 1 0 2.5023
48 2 2 2 2 1 2 2 2 -1 1 0 0 1 1 9.6028
49 1 8 1 3 1 1 1 1 3 1 0 0 0 1 8.2108
50 3 5 3 3 2 2 2 -1 -1 1 0 0 1 0 3.9171
51 1 8 1 1 2 2 1 -1 -1 1 0 0 1 1 3.0541
52 3 6 1 3 2 2 1 3 -1 1 1 0 0 1 9.5551
53 2 5 1 3 2 2 1 3 -1 1 1 0 0 1 6.0348
54 2 9 1 3 1 1 3 1 -1 1 1 0 0 1 5.7826
55 3 7 3 1 1 2 1 3 -1 1 1 0 0 1 4.4368
56 2 2 3 1 2 2 1 1 3 1 0 1 0 1 10.7836
57 1 8 3 1 1 1 1 1 3 1 0 0 0 1 12.7772
58 3 6 1 3 1 2 1 1 3 1 0 1 0 1 9.0976
59 1 4 1 3 1 2 1 1 3 1 0 0 0 1 12.0824
60 3 5 3 1 2 2 1 1 3 1 0 1 0 1 6.2495
61 2 9 1 1 1 2 1 1 -1 1 0 0 1 1 5.9909
62 3 1 3 1 1 1 3 1 -1 1 1 0 0 1 4.7527
63 1 8 3 3 1 2 2 2 -1 1 0 0 1 0 5.1841
64 1 1 1 3 2 2 1 3 -1 1 0 0 0 1 14.9447
65 3 5 1 1 1 2 1 1 -1 1 0 0 1 1 5.5444
66 1 8 1 1 1 2 1 -1 -1 1 0 0 1 1 0.9698
67 3 1 1 3 1 1 3 1 -1 1 1 0 0 1 6.4317
68 1 4 3 3 1 2 3 3 -1 1 0 0 1 1 12.7498
69 1 4 1 1 1 2 1 -1 -1 1 0 0 1 1 2.1723
70 2 5 2 2 1 2 2 2 1 1 0 1 0 0 9.5368
71 1 8 1 3 2 2 1 1 3 1 0 0 0 1 8.5700
72 1 4 1 1 2 2 1 -1 -1 1 0 0 1 1 1.8119
73 1 8 3 1 1 2 1 1 3 1 0 0 0 1 13.7897
74 1 6 1 3 1 1 1 3 -1 1 1 0 0 1 7.1569
75 3 7 3 1 1 1 3 1 1 1 1 0 0 1 8.0433
76 2 9 1 3 2 2 1 3 -1 1 1 0 0 1 4.5250
77 3 7 1 3 1 2 1 3 -1 1 1 0 0 1 6.4133
78 1 1 3 1 2 2 1 1 3 1 0 0 0 1 7.8599
79 2 9 3 1 1 2 1 1 3 1 0 1 0 1 6.5663
80 3 6 3 1 1 2 1 1 3 1 0 0 0 1 10.2707
81 1 1 1 3 1 1 1 3 -1 1 0 0 0 1 13.1501
82 1 1 1 1 1 2 1 1 2 1 0 1 0 0 18.6864
83 3 6 3 1 1 1 1 1 3 1 0 0 0 1 7.4521
84 3 1 3 1 2 2 1 3 -1 1 1 0 0 1 10.2818
85 1 6 3 1 1 2 1 3 1 1 1 0 0 1 6.0389
86 1 6 3 1 1 1 1 1 3 1 0 0 0 1 10.6357
87 1 6 1 3 1 2 1 1 3 1 0 1 0 1 6.8630
88 1 4 2 2 1 2 2 -1 -1 1 0 0 1 1 1.5226
89 1 4 1 3 1 1 2 1 -1 1 1 0 0 0 11.6639
90 1 1 2 2 1 2 2 2 -1 1 0 0 1 1 12.0728
91 1 1 1 1 2 2 1 -1 -1 1 0 0 1 1 3.9557
92 2 2 3 1 1 1 1 3 -1 1 1 0 0 1 6.0556
93 1 4 3 1 1 1 1 3 1 1 1 0 0 1 7.8860
94 2 9 1 1 2 2 1 -1 -1 1 0 0 1 1 2.0765
95 1 6 1 1 1 2 1 1 -1 1 0 0 1 1 8.9634
96 1 8 1 3 1 2 1 1 3 1 0 0 0 1 8.3835
97 1 8 3 3 1 1 3 -1 -1 1 0 0 1 1 1.7753
98 3 7 1 3 1 1 1 3 -1 1 1 0 0 1 6.1378
99 2 5 1 1 1 1 1 -1 -1 1 0 0 1 1 1.8532
100 3 5 1 3 1 2 1 1 3 1 0 1 0 1 8.3445
101 3 6 1 1 1 2 1 1 3 1 0 1 0 0 21.4180
102 3 1 3 1 1 2 3 1 1 1 1 0 0 1 6.0841
103 2 5 3 1 2 2 1 3 1 1 1 0 0 1 5.9821
104 3 5 3 1 1 2 1 3 1 1 1 0 0 1 13.9065
105 3 5 2 2 1 2 2 2 1 1 0 1 0 0 7.0524
106 1 4 3 1 1 2 1 1 3 1 0 1 0 1 7.6099
107 3 6 1 3 1 1 1 1 3 1 0 0 0 1 9.3737
108 1 1 3 1 1 1 1 3 -1 1 0 0 0 1 12.9765
109 2 9 2 2 1 2 2 2 1 1 0 1 0 0 5.4185
110 1 6 2 2 1 2 2 2 1 1 0 1 0 0 9.4264
