Ear: B
Audiogram left  : NA
Audiogram right : NA
# Keys:
# Consonant_ID  : d=1 g=2 l=3 f=4 th=5 jh=6 p=7 sh=8 t=9 
# Vowel_ID      : IH=1 EH=2 AE=3 
# F0_ID         : high_f0=1 low_f0=2 
# Columns       : Trial Con1 Con2 V1 V2 F01 F02 Ans1V Ans2V Ans3V Ans1C Ans2C Ans3C OneType BothOK RT
1 3 1 1 3 1 2 3 1 -1 1 1 0 0 1 10.6880
2 2 2 3 3 1 2 1 3 -1 1 1 0 0 0 6.2407
3 3 5 3 1 1 1 1 3 -1 1 1 0 0 1 9.1744
4 3 7 3 1 2 2 1 2 -1 1 1 0 0 0 7.8327
5 2 5 3 3 1 2 1 3 3 1 1 0 0 0 13.0679
6 1 1 3 1 1 2 1 3 -1 1 0 0 0 1 11.6208
7 2 5 1 3 1 2 3 1 -1 1 1 0 0 1 5.8131
8 2 5 1 3 1 1 1 3 -1 1 1 0 0 1 10.0235
9 2 5 1 1 1 2 1 1 -1 1 0 0 1 1 10.3990
10 1 8 3 1 2 2 1 1 3 1 0 0 0 1 5.7982
11 3 7 1 3 2 2 3 1 -1 1 1 0 0 1 5.1655
12 1 1 3 3 1 2 3 3 -1 1 0 0 1 1 17.6374
13 1 4 1 3 2 2 1 1 3 1 0 0 0 1 7.1920
14 2 5 3 1 1 2 1 3 -1 1 1 0 0 1 7.9507
15 3 6 2 2 1 2 2 2 -1 1 0 0 1 1 12.5040
16 2 5 3 1 1 1 1 3 -1 1 1 0 0 1 4.4767
17 1 4 1 1 1 1 1 -1 -1 1 0 0 1 1 1.1788
18 2 9 3 3 1 2 3 3 -1 1 0 0 1 1 5.9492
19 3 6 3 1 2 2 1 3 -1 1 0 0 0 1 11.3997
20 2 2 1 3 1 2 1 3 -1 1 1 0 0 1 6.4800
21 3 1 3 3 1 2 3 3 -1 1 0 0 1 1 5.6940
22 3 7 3 3 1 2 3 1 3 1 1 0 0 0 9.9374
23 3 7 1 1 1 2 1 1 -1 1 0 0 1 1 7.5728
24 3 1 1 3 2 2 3 1 -1 1 1 0 0 1 10.9176
25 2 2 1 3 1 1 1 3 -1 1 1 0 0 1 8.0969
26 2 9 3 1 2 2 1 3 1 1 1 0 0 1 5.9088
27 3 7 2 2 1 2 2 1 -1 1 1 0 0 0 9.7052
28 1 6 1 3 2 2 1 3 -1 1 0 0 0 1 6.9996
29 3 5 1 3 1 1 1 3 -1 1 1 0 0 1 10.0479
30 2 9 1 3 1 2 1 3 -1 1 1 0 0 1 5.6578
31 2 2 1 3 2 2 1 3 -1 1 1 0 0 1 7.5564
32 3 5 3 3 1 2 2 2 1 1 0 1 0 0 13.3379
33 2 9 3 1 1 1 1 3 -1 1 1 0 0 1 5.9475
34 1 1 1 3 1 2 1 3 -1 1 0 0 0 1 8.0154
35 2 2 3 1 1 2 1 3 -1 1 1 0 0 1 2.5728
36 2 2 1 1 1 2 1 1 -1 1 0 0 1 1 6.0701
37 1 6 2 2 2 2 2 -1 -1 1 0 0 1 1 1.3277
38 1 6 3 3 1 2 3 3 -1 1 0 0 1 1 7.8090
39 1 4 3 1 2 2 1 1 3 1 0 0 0 1 9.7587
40 1 6 3 1 2 2 1 1 3 1 0 0 0 1 5.9585
41 1 8 2 2 1 2 2 -1 -1 1 0 0 1 1 1.1826
42 3 1 2 2 1 2 2 1 -1 1 1 0 0 0 10.3143
43 3 5 1 3 2 2 1 3 -1 1 1 0 0 1 8.7591
44 3 1 1 1 1 2 1 1 -1 1 0 0 1 1 13.7492
45 3 6 3 3 1 2 3 1 -1 1 1 0 0 0 9.6959
46 1 6 2 2 1 1 2 -1 -1 1 0 0 1 1 1.3191
47 3 5 3 3 1 1 2 -1 -1 1 0 0 1 0 1.9474
48 2 2 2 2 1 2 2 2 -1 1 0 0 1 1 7.6505
49 1 8 1 3 1 1 1 3 -1 1 0 0 0 1 4.8360
50 3 5 3 3 2 2 3 -1 -1 1 0 0 1 1 5.7077
51 1 8 1 1 2 2 1 -1 -1 1 0 0 1 1 1.2452
52 3 6 1 3 2 2 1 1 3 1 0 0 0 1 5.4744
53 2 5 1 3 2 2 1 3 -1 1 1 0 0 1 4.9521
54 2 9 1 3 1 1 1 3 -1 1 1 0 0 1 2.2344
55 3 7 3 1 1 2 1 3 -1 1 1 0 0 1 3.4413
56 2 2 3 1 2 2 1 3 -1 1 1 0 0 1 5.1740
57 1 8 3 1 1 1 1 1 3 1 0 0 0 1 4.6262
58 3 6 1 3 1 2 1 1 3 1 0 0 0 1 5.2303
59 1 4 1 3 1 2 1 3 -1 1 1 0 0 1 6.0754
60 3 5 3 1 2 2 1 3 -1 1 1 0 0 1 6.0751
61 2 9 1 1 1 2 1 1 -1 1 0 0 1 1 5.4282
62 3 1 3 1 1 1 1 3 -1 1 1 0 0 1 5.8301
63 1 8 3 3 1 2 2 2 3 1 0 0 0 0 13.9710
64 1 1 1 3 2 2 1 3 -1 1 0 0 0 1 5.5918
65 3 5 1 1 1 2 1 1 -1 1 0 0 1 1 13.0264
66 1 8 1 1 1 2 1 -1 -1 1 0 0 1 1 1.2805
67 3 1 1 3 1 1 1 2 -1 1 1 0 0 0 5.8262
68 1 4 3 3 1 2 3 3 -1 1 0 0 1 1 7.0862
69 1 4 1 1 1 2 1 -1 -1 1 0 0 1 1 1.4479
70 2 5 2 2 1 2 2 2 -1 1 0 0 1 1 15.9197
71 1 8 1 3 2 2 1 3 -1 1 0 0 0 1 7.0676
72 1 4 1 1 2 2 1 -1 -1 1 0 0 1 1 1.3929
73 1 8 3 1 1 2 1 3 -1 1 0 0 0 1 13.0186
74 1 6 1 3 1 1 1 3 -1 1 1 0 0 1 5.2908
75 3 7 3 1 1 1 3 1 -1 1 1 0 0 1 5.3686
76 2 9 1 3 2 2 1 3 -1 1 1 0 0 1 4.7368
77 3 7 1 3 1 2 2 1 -1 1 1 0 0 0 8.4907
78 1 1 3 1 2 2 1 3 -1 1 0 0 0 1 7.9109
79 2 9 3 1 1 2 1 3 -1 1 1 0 0 1 4.8238
80 3 6 3 1 1 2 1 1 3 1 0 0 0 1 11.0290
81 1 1 1 3 1 1 1 3 -1 1 0 0 0 1 8.7920
82 1 1 1 1 1 2 1 2 -1 1 0 0 0 0 10.8102
83 3 6 3 1 1 1 1 3 -1 1 1 0 0 1 15.5939
84 3 1 3 1 2 2 1 3 -1 1 1 0 0 1 9.4861
85 1 6 3 1 1 2 1 3 -1 1 1 0 0 1 2.9690
86 1 6 3 1 1 1 1 3 -1 1 0 0 0 1 10.3860
87 1 6 1 3 1 2 1 3 -1 1 1 0 0 1 8.9203
88 1 4 2 2 1 2 2 -1 -1 1 0 0 1 1 1.6430
89 1 4 1 3 1 1 1 3 -1 1 1 0 0 1 6.3074
90 1 1 2 2 1 2 2 2 -1 1 0 0 1 1 8.8801
91 1 1 1 1 2 2 1 -1 -1 1 0 0 1 1 1.4476
92 2 2 3 1 1 1 1 3 -1 1 1 0 0 1 5.0517
93 1 4 3 1 1 1 1 3 1 1 1 0 0 1 11.2402
94 2 9 1 1 2 2 1 -1 -1 1 0 0 1 1 2.9765
95 1 6 1 1 1 2 1 2 -1 1 1 0 0 0 14.8077
96 1 8 1 3 1 2 1 1 3 1 0 0 0 1 5.4254
97 1 8 3 3 1 1 3 -1 -1 1 0 0 1 1 4.8666
98 3 7 1 3 1 1 3 1 -1 1 1 0 0 1 7.2299
99 2 5 1 1 1 1 1 -1 -1 1 0 0 1 1 1.5068
100 3 5 1 3 1 2 1 2 -1 1 1 0 0 0 5.3313
101 3 6 1 1 1 2 1 1 -1 1 0 0 1 1 9.5097
102 3 1 3 1 1 2 1 3 -1 1 1 0 0 1 5.4577
103 2 5 3 1 2 2 1 3 -1 1 1 0 0 1 4.3104
104 3 5 3 1 1 2 1 2 -1 1 1 0 0 0 5.6351
105 3 5 2 2 1 2 2 2 -1 1 0 0 1 1 6.2573
106 1 4 3 1 1 2 1 3 -1 1 1 0 0 1 5.4250
107 3 6 1 3 1 1 1 1 3 1 0 1 0 1 19.3013
108 1 1 3 1 1 1 1 1 3 1 0 0 0 1 6.3353
109 2 9 2 2 1 2 2 2 -1 1 0 0 1 1 6.5607
110 1 6 2 2 1 2 2 1 -1 1 1 0 0 0 5.8239
