Ear: B
Audiogram left  : NA
Audiogram right : NA
# Keys:
# Consonant_ID  : d=1 g=2 l=3 f=4 th=5 jh=6 p=7 sh=8 t=9 
# Vowel_ID      : IH=1 EH=2 AE=3 
# F0_ID         : high_f0=1 low_f0=2 # Columns       : Trial Consonant_1_ID Consonant_2_ID Vowel_ID F0_ID Heard_Consonant Answer_vowel Correct Time_elapsed
1 2 2 2 2 1 1 0 1.5302
2 3 7 3 2 1 3 1 0.5993
3 2 5 3 1 1 3 1 1.1527
4 1 6 1 2 1 1 1 1.4864
5 2 2 1 1 1 1 1 1.1504
6 3 1 3 2 1 3 1 0.4937
7 1 1 3 1 1 3 1 1.0388
8 1 8 2 1 1 2 1 1.0312
9 3 7 3 1 1 3 1 1.1346
10 1 1 3 2 1 3 1 0.7335
11 2 9 3 2 1 3 1 0.9472
12 2 9 2 2 1 2 1 0.6751
13 1 8 3 2 1 3 1 1.0703
14 1 1 2 2 1 2 1 0.9506
15 2 5 3 2 1 3 1 1.5034
16 2 2 2 1 1 2 1 1.3046
17 3 1 1 1 1 1 1 1.0728
18 3 5 3 1 1 3 1 1.3502
19 3 5 2 1 1 2 1 1.7357
20 2 5 1 2 1 1 1 0.8711
21 1 8 2 2 1 2 1 0.9480
22 1 4 2 1 1 2 1 0.7421
23 3 7 1 1 1 1 1 1.2064
24 1 4 2 2 1 2 1 1.1844
25 1 4 3 2 1 3 1 1.0707
26 3 7 2 1 1 2 1 1.1893
27 2 2 3 1 1 3 1 1.2178
28 1 6 3 2 1 3 1 1.4301
29 2 9 1 2 1 1 1 1.1631
30 1 4 1 1 1 1 1 1.1389
31 3 1 2 1 1 2 1 1.9920
32 1 1 1 2 1 1 1 1.0307
33 1 6 3 1 1 3 1 1.0051
34 1 6 1 1 1 1 1 0.6828
35 3 5 1 2 1 1 1 1.2274
36 3 6 3 1 1 3 1 1.3318
37 3 1 3 1 1 3 1 1.3439
38 1 1 2 1 1 2 1 1.3405
39 1 8 1 1 1 1 1 1.0633
40 3 6 1 2 1 1 1 1.2431
41 2 9 2 1 1 2 1 1.2673
42 2 5 2 2 1 2 1 0.9900
43 2 9 3 1 1 3 1 0.9856
44 1 4 1 2 1 1 1 1.0073
45 1 8 3 1 1 3 1 0.7190
46 3 7 2 2 1 2 1 1.4082
47 2 9 1 1 1 1 1 1.6614
48 2 5 2 1 1 2 1 1.4689
49 2 2 1 2 1 1 1 1.2477
50 3 6 1 1 1 1 1 1.8055
51 3 6 2 1 1 2 1 1.3905
52 3 5 3 2 1 3 1 1.0976
53 2 2 3 2 1 3 1 2.0692
54 1 4 3 1 1 3 1 1.0599
55 3 1 1 2 1 1 1 0.8557
56 2 5 1 1 1 1 1 1.3769
57 1 1 1 1 1 1 1 1.9360
58 1 6 2 2 1 2 1 1.2245
59 1 6 2 1 1 2 1 1.7344
60 3 1 2 2 1 2 1 1.1246
61 3 7 1 2 1 1 1 1.2299
62 1 8 1 2 1 1 1 1.1321
63 3 6 2 2 1 2 1 1.3555
64 3 6 3 2 1 3 1 1.3766
65 3 5 1 1 1 1 1 1.4682
66 3 5 2 2 1 2 1 2.4130
