Ear: B
Audiogram left  : NA
Audiogram right : NA
# Keys:
# Consonant_ID  : d=1 g=2 l=3 f=4 th=5 jh=6 p=7 sh=8 t=9 
# Vowel_ID      : IH=1 EH=2 AE=3 
# F0_ID         : high_f0=1 low_f0=2 # Columns       : Trial Consonant_1_ID Consonant_2_ID Vowel_ID F0_ID Heard_Consonant Answer_vowel Correct Time_elapsed
1 3 6 1 1 0 1 1 3.6322
2 1 6 2 1 1 2 1 2.8213
3 3 1 2 2 1 2 1 0.4872
4 2 2 2 1 1 2 1 1.0457
5 1 4 3 1 1 3 1 1.7287
6 2 9 2 2 1 2 1 0.6479
7 1 1 2 1 1 2 1 0.1827
8 3 5 1 2 1 1 1 0.6936
9 3 1 3 1 1 3 1 1.5459
10 3 5 2 2 1 2 1 0.7668
11 3 6 2 1 1 3 0 0.7653
12 3 6 2 2 1 2 1 2.0869
13 1 8 2 1 1 2 1 1.0467
14 3 5 3 1 1 3 1 0.9731
15 2 9 1 1 1 1 1 1.1026
16 3 7 2 1 1 2 1 0.6393
17 3 1 1 1 1 1 1 0.5727
18 3 5 1 1 1 1 1 1.2357
19 2 2 2 2 1 2 1 2.0120
20 1 4 2 2 1 2 1 2.4773
21 2 2 1 1 1 1 1 0.8987
22 2 9 2 1 1 2 1 1.2630
23 2 5 1 2 1 1 1 0.7969
24 3 1 1 2 1 1 1 0.7933
25 1 6 3 1 1 3 1 1.3499
26 3 6 1 2 1 1 1 0.9161
27 1 1 1 1 1 1 1 0.7427
28 3 7 1 2 1 1 1 1.2290
29 2 5 3 1 1 3 1 0.6795
30 1 1 2 2 1 2 1 0.8935
31 1 1 3 1 1 3 1 0.9412
32 3 5 3 2 1 2 0 1.4895
33 3 7 3 2 1 3 1 0.7616
34 2 2 1 2 1 1 1 0.8553
35 1 1 3 2 1 3 1 2.9426
36 3 5 2 1 1 2 1 0.8068
37 2 9 1 2 1 1 1 0.9235
38 1 4 1 2 1 1 1 0.8468
39 1 6 1 2 1 1 1 1.0643
40 1 6 2 2 1 2 1 0.7357
41 2 5 3 2 1 3 1 0.8857
42 1 6 3 2 1 3 1 0.6163
43 1 8 3 2 1 3 1 0.9099
44 2 9 3 1 1 3 1 0.8910
45 3 6 3 1 1 3 1 1.0285
46 1 4 3 2 1 3 1 1.2375
47 1 4 2 1 1 2 1 0.5647
48 1 8 2 2 1 2 1 1.1956
49 2 2 3 2 1 3 1 0.9788
50 3 1 2 1 1 2 1 1.5289
51 1 8 3 1 1 3 1 1.1312
52 2 5 2 2 1 2 1 0.4615
53 3 7 3 1 1 3 1 0.9880
54 2 5 1 1 1 1 1 0.9383
55 3 1 3 2 1 3 1 0.7121
56 1 1 1 2 1 1 1 1.1008
57 3 6 3 2 1 3 1 1.0225
58 2 5 2 1 1 2 1 1.5986
59 1 4 1 1 1 1 1 0.9764
60 2 2 3 1 1 3 1 0.8968
61 2 9 3 2 1 3 1 0.9532
62 3 7 1 1 1 1 1 1.0304
63 3 7 2 2 1 2 1 0.9081
64 1 8 1 2 1 1 1 0.5514
65 1 8 1 1 1 1 1 0.9500
66 1 6 1 1 1 1 1 1.0293
