Ear: B
Audiogram left  : NA
Audiogram right : NA
# Keys:
# Consonant_ID  : d=1 g=2 l=3 f=4 th=5 jh=6 p=7 sh=8 t=9 
# Vowel_ID      : IH=1 EH=2 AE=3 
# F0_ID         : high_f0=1 low_f0=2 
# Columns       : Trial Con1 Con2 V1 V2 F01 F02 Ans1V Ans2V Ans3V Ans1C Ans2C Ans3C OneType BothOK RT
1 3 1 1 3 1 2 3 1 -1 1 1 0 0 1 7.8902
2 2 2 3 3 1 2 3 1 -1 1 1 0 0 0 10.2378
3 3 5 3 1 1 1 1 3 -1 1 1 0 0 1 4.9841
4 3 7 3 1 2 2 1 3 -1 1 1 0 0 1 5.3544
5 2 5 3 3 1 2 3 1 -1 1 1 0 0 0 7.7082
6 1 1 3 1 1 2 1 3 -1 1 0 0 0 1 10.3544
7 2 5 1 3 1 2 3 1 -1 1 1 0 0 1 6.7035
8 2 5 1 3 1 1 1 3 -1 1 1 0 0 1 8.4202
9 2 5 1 1 1 2 1 1 -1 1 0 0 1 1 9.9881
10 1 8 3 1 2 2 1 3 -1 1 0 0 0 1 6.6852
11 3 7 1 3 2 2 3 1 -1 1 1 0 0 1 4.4891
12 1 1 3 3 1 2 3 1 3 1 1 0 0 0 7.5320
13 1 4 1 3 2 2 1 3 -1 1 1 0 0 1 5.7441
14 2 5 3 1 1 2 1 3 -1 1 1 0 0 1 10.0705
15 3 6 2 2 1 2 2 2 -1 1 0 0 1 1 12.7960
16 2 5 3 1 1 1 1 3 -1 1 1 0 0 1 4.3441
17 1 4 1 1 1 1 1 -1 -1 1 0 0 1 1 2.6144
18 2 9 3 3 1 2 3 3 1 1 0 1 0 0 5.6543
19 3 6 3 1 2 2 1 3 -1 1 1 0 0 1 8.6733
20 2 2 1 3 1 2 1 3 -1 1 1 0 0 1 2.3593
21 3 1 3 3 1 2 3 3 1 1 0 1 0 0 5.0752
22 3 7 3 3 1 2 3 3 -1 1 0 0 1 1 9.1760
23 3 7 1 1 1 2 1 1 -1 1 0 0 1 1 14.5462
24 3 1 1 3 2 2 1 3 -1 1 1 0 0 1 6.1071
25 2 2 1 3 1 1 1 3 -1 1 1 0 0 1 2.5398
26 2 9 3 1 2 2 1 3 -1 1 1 0 0 1 4.0305
27 3 7 2 2 1 2 2 1 -1 1 1 0 0 0 8.1289
28 1 6 1 3 2 2 1 1 3 1 0 0 0 1 10.2403
29 3 5 1 3 1 1 1 3 -1 1 1 0 0 1 7.2205
30 2 9 1 3 1 2 3 1 -1 1 1 0 0 1 8.1356
31 2 2 1 3 2 2 1 3 -1 1 1 0 0 1 4.7273
32 3 5 3 3 1 2 3 3 1 1 0 1 0 0 11.9186
33 2 9 3 1 1 1 1 3 -1 1 1 0 0 1 1.8720
34 1 1 1 3 1 2 1 3 -1 1 0 0 0 1 5.3338
35 2 2 3 1 1 2 1 3 -1 1 1 0 0 1 8.0599
36 2 2 1 1 1 2 1 1 -1 1 0 0 1 1 5.9175
37 1 6 2 2 2 2 2 -1 -1 1 0 0 1 1 1.7035
38 1 6 3 3 1 2 3 1 -1 1 1 0 0 0 6.8383
39 1 4 3 1 2 2 1 3 -1 1 1 0 0 1 7.1281
40 1 6 3 1 2 2 1 3 1 1 0 0 0 1 7.9070
41 1 8 2 2 1 2 2 -1 -1 1 0 0 1 1 1.5736
42 3 1 2 2 1 2 2 1 -1 1 1 0 0 0 10.5870
43 3 5 1 3 2 2 1 3 -1 1 1 0 0 1 5.1558
44 3 1 1 1 1 2 1 1 -1 1 0 0 1 1 13.5202
45 3 6 3 3 1 2 3 3 -1 1 0 0 1 1 10.4719
46 1 6 2 2 1 1 2 -1 -1 1 0 0 1 1 1.6560
47 3 5 3 3 1 1 2 -1 -1 1 0 0 1 0 1.4021
48 2 2 2 2 1 2 2 3 -1 1 1 0 0 0 9.3775
49 1 8 1 3 1 1 1 1 3 1 0 0 0 1 7.8697
50 3 5 3 3 2 2 3 -1 -1 1 0 0 1 1 4.7599
51 1 8 1 1 2 2 1 -1 -1 1 0 0 1 1 1.0854
52 3 6 1 3 2 2 1 3 -1 1 1 0 0 1 10.7645
53 2 5 1 3 2 2 1 3 -1 1 1 0 0 1 14.5158
54 2 9 1 3 1 1 3 1 -1 1 1 0 0 1 4.8591
55 3 7 3 1 1 2 3 1 -1 1 1 0 0 1 5.7464
56 2 2 3 1 2 2 1 3 -1 1 1 0 0 1 2.0473
57 1 8 3 1 1 1 1 1 3 1 0 0 0 1 7.6323
58 3 6 1 3 1 2 1 3 -1 1 0 0 0 1 9.3381
59 1 4 1 3 1 2 1 3 -1 1 0 0 0 1 9.9390
60 3 5 3 1 2 2 1 3 -1 1 1 0 0 1 10.3096
61 2 9 1 1 1 2 1 1 -1 1 0 0 1 1 5.5167
62 3 1 3 1 1 1 3 1 -1 1 1 0 0 1 8.6140
63 1 8 3 3 1 2 3 2 -1 1 1 0 0 0 6.0796
64 1 1 1 3 2 2 2 3 -1 1 0 0 0 0 12.2799
65 3 5 1 1 1 2 1 3 -1 1 1 0 0 0 6.8496
66 1 8 1 1 1 2 1 -1 -1 1 0 0 1 1 1.2281
67 3 1 1 3 1 1 3 1 -1 1 1 0 0 1 4.5255
68 1 4 3 3 1 2 3 3 -1 1 0 0 1 1 6.2067
69 1 4 1 1 1 2 1 -1 -1 1 0 0 1 1 1.5408
70 2 5 2 2 1 2 2 3 -1 1 1 0 0 0 6.3518
71 1 8 1 3 2 2 1 3 -1 1 0 0 0 1 11.6487
72 1 4 1 1 2 2 1 -1 -1 1 0 0 1 1 1.4225
73 1 8 3 1 1 2 1 1 3 1 0 0 0 1 8.3535
74 1 6 1 3 1 1 1 3 -1 1 1 0 0 1 4.4277
75 3 7 3 1 1 1 1 3 -1 1 1 0 0 1 3.9527
76 2 9 1 3 2 2 1 3 -1 1 1 0 0 1 5.6172
77 3 7 1 3 1 2 3 1 -1 1 1 0 0 1 4.6678
78 1 1 3 1 2 2 1 3 -1 1 0 0 0 1 8.4358
79 2 9 3 1 1 2 1 3 -1 1 1 0 0 1 8.2257
80 3 6 3 1 1 2 1 3 -1 1 1 0 0 1 12.0334
81 1 1 1 3 1 1 1 3 -1 1 0 0 0 1 5.8504
82 1 1 1 1 1 2 1 1 2 1 0 0 0 0 10.4861
83 3 6 3 1 1 1 1 3 -1 1 1 0 0 1 9.0728
84 3 1 3 1 2 2 1 3 -1 1 1 0 0 1 10.5651
85 1 6 3 1 1 2 1 2 -1 1 1 0 0 0 7.5213
86 1 6 3 1 1 1 1 1 3 1 0 0 0 1 7.8004
87 1 6 1 3 1 2 1 3 -1 1 1 0 0 1 2.6385
88 1 4 2 2 1 2 2 -1 -1 1 0 0 1 1 1.1328
89 1 4 1 3 1 1 1 3 -1 1 1 0 0 1 4.5587
90 1 1 2 2 1 2 2 2 -1 1 0 0 1 1 7.0784
91 1 1 1 1 2 2 1 -1 -1 1 0 0 1 1 2.0151
92 2 2 3 1 1 1 1 3 -1 1 1 0 0 1 6.2585
93 1 4 3 1 1 1 1 1 3 1 0 0 0 1 6.5281
94 2 9 1 1 2 2 1 -1 -1 1 0 0 1 1 1.7175
95 1 6 1 1 1 2 1 2 -1 1 1 0 0 0 9.8450
96 1 8 1 3 1 2 1 1 3 1 0 0 0 1 8.4719
97 1 8 3 3 1 1 3 -1 -1 1 0 0 1 1 1.4647
98 3 7 1 3 1 1 3 1 -1 1 1 0 0 1 4.5732
99 2 5 1 1 1 1 1 -1 -1 1 0 0 1 1 3.3568
100 3 5 1 3 1 2 2 1 -1 1 1 0 0 0 11.0264
101 3 6 1 1 1 2 1 1 2 1 0 1 0 0 16.0903
102 3 1 3 1 1 2 1 3 -1 1 1 0 0 1 8.5582
103 2 5 3 1 2 2 1 3 -1 1 1 0 0 1 2.0284
104 3 5 3 1 1 2 1 1 3 1 0 0 0 1 11.8668
105 3 5 2 2 1 2 2 2 1 1 0 1 0 0 15.2451
106 1 4 3 1 1 2 1 3 1 1 1 0 0 1 7.1861
107 3 6 1 3 1 1 1 1 3 1 0 0 0 1 6.9922
108 1 1 3 1 1 1 1 3 -1 1 0 0 0 1 8.6960
109 2 9 2 2 1 2 2 2 -1 1 0 0 1 1 8.1634
110 1 6 2 2 1 2 2 1 -1 1 1 0 0 0 8.1269
