Ear: R
Audiogram left  : NA
Audiogram right : NA
# Keys:
# Consonant_ID  : d=1 g=2 l=3 f=4 th=5 jh=6 p=7 sh=8 t=9 
# Vowel_ID      : IH=1 EH=2 AE=3 
# F0_ID         : high_f0=1 low_f0=2 # Columns       : Trial Consonant_1_ID Consonant_2_ID Vowel_ID F0_ID Heard_Consonant Answer_vowel Correct Time_elapsed
1 3 5 2 1 1 2 1 1.1685
2 1 4 1 1 1 1 1 0.9683
3 1 1 1 1 1 2 0 0.8589
4 2 2 2 2 1 2 1 2.1227
5 3 6 3 1 1 3 1 1.1337
6 1 6 3 2 1 3 1 1.0803
7 2 2 2 1 1 2 1 1.1683
8 3 7 3 1 1 3 1 1.2048
9 3 7 1 1 1 1 1 1.0320
10 3 5 2 2 1 2 1 1.1523
11 1 8 3 2 1 3 1 0.7278
12 2 2 3 1 1 3 1 0.8571
13 1 6 2 2 1 2 1 1.2806
14 3 6 1 2 1 1 1 2.5333
15 3 5 1 2 1 1 1 1.1525
16 3 6 1 1 1 1 1 0.8910
17 3 7 2 2 1 2 1 0.7834
18 1 6 3 1 1 3 1 1.4076
19 2 2 1 2 1 1 1 0.7591
20 1 8 1 2 1 1 1 0.8955
21 3 6 2 1 1 2 1 1.0729
22 1 4 3 2 1 3 1 0.9116
23 1 4 2 1 1 3 0 2.7493
24 1 6 2 1 1 2 1 1.0608
25 3 1 2 2 1 2 1 0.9062
26 1 1 1 2 1 1 1 0.9114
27 3 7 1 2 1 1 1 1.0955
28 2 5 2 2 1 2 1 0.8697
29 1 8 2 1 1 2 1 0.7259
30 3 5 3 2 1 2 0 1.0633
31 1 1 2 2 1 2 1 1.0137
32 2 2 1 1 1 1 1 0.7579
33 3 7 3 2 1 3 1 1.6216
34 3 1 1 2 1 1 1 0.9758
35 3 7 2 1 1 2 1 1.0690
36 1 1 3 1 1 3 1 0.6688
37 2 5 1 2 1 1 1 1.1513
38 1 8 3 1 1 3 1 1.9767
39 2 9 1 2 1 1 1 1.0341
40 3 1 1 1 1 1 1 1.3983
41 3 1 2 1 1 2 1 0.8292
42 1 8 1 1 1 1 1 1.0385
43 2 9 1 1 1 1 1 0.7872
44 2 5 3 1 1 3 1 1.2800
45 2 2 3 2 1 3 1 0.9487
46 2 5 1 1 1 1 1 0.9369
47 1 4 1 2 1 1 1 0.9287
48 3 5 3 1 1 3 1 1.0534
49 3 6 3 2 1 3 1 0.5732
50 3 1 3 2 1 3 1 0.9310
51 1 4 2 2 1 2 1 0.9957
52 3 5 1 1 1 1 1 1.4258
53 2 9 2 2 1 2 1 1.1832
54 2 5 2 1 1 2 1 0.9520
55 2 9 3 2 1 3 1 0.5042
56 1 1 3 2 1 3 1 1.2351
57 1 4 3 1 1 3 1 1.3351
58 3 1 3 1 1 3 1 1.0976
59 2 9 2 1 1 2 1 1.1682
60 1 6 1 1 1 1 1 1.1707
61 2 5 3 2 1 2 0 1.1310
62 1 1 2 1 1 2 1 1.2785
63 1 8 2 2 1 2 1 0.9381
64 2 9 3 1 1 3 1 0.5415
65 3 6 2 2 1 2 1 1.0002
66 1 6 1 2 1 1 1 1.2065
