Ear: L
Audiogram left  : NA
Audiogram right : NA
# Keys:
# Consonant_ID  : d=1 g=2 l=3 f=4 th=5 jh=6 p=7 sh=8 t=9 
# Vowel_ID      : IH=1 EH=2 AE=3 
# F0_ID         : high_f0=1 low_f0=2 # Columns       : Trial Consonant_1_ID Consonant_2_ID Vowel_ID F0_ID Heard_Consonant Answer_vowel Correct Time_elapsed
1 1 4 3 2 1 3 1 2.1342
2 2 5 3 2 1 2 0 0.9558
3 1 6 1 2 1 1 1 1.6930
4 2 2 1 2 1 1 1 1.2043
5 3 7 1 1 1 1 1 1.3841
6 3 7 2 1 1 2 1 1.1947
7 3 7 3 1 1 3 1 1.2389
8 3 5 2 2 1 2 1 1.0892
9 3 1 2 1 1 2 1 1.1219
10 1 6 3 1 1 3 1 1.1877
11 3 6 3 2 1 3 1 1.4091
12 1 6 3 2 1 3 1 1.9454
13 2 9 3 2 1 3 1 2.5057
14 1 4 3 1 1 3 1 1.4334
15 1 1 1 2 1 1 1 1.0869
16 3 6 1 1 1 1 1 1.2791
17 1 1 2 2 1 2 1 0.7455
18 2 9 1 1 1 1 1 1.0935
19 1 8 2 1 1 2 1 0.8349
20 2 5 3 1 1 3 1 2.4382
21 3 5 3 2 1 2 0 1.8802
22 2 2 2 2 1 2 1 1.3246
23 2 9 3 1 1 3 1 0.7119
24 3 1 1 2 1 1 1 1.5067
25 1 8 3 1 1 3 1 1.6641
26 3 1 3 1 1 3 1 1.2840
27 3 6 1 2 1 1 1 1.9466
28 1 6 2 1 1 2 1 1.4356
29 3 1 3 2 1 3 1 1.3694
30 2 2 3 1 1 3 1 2.0452
31 1 4 2 1 1 2 1 1.8649
32 1 4 2 2 1 2 1 1.5508
33 3 1 2 2 1 2 1 1.2524
34 3 5 2 1 1 2 1 1.0607
35 2 5 1 2 1 1 1 1.0770
36 1 6 2 2 1 2 1 1.1232
37 3 6 2 1 1 2 1 2.0937
38 1 8 3 2 1 3 1 0.8979
39 1 1 1 1 1 1 1 4.4260
40 1 8 2 2 1 2 1 1.4579
41 2 5 2 1 1 2 1 1.3770
42 3 5 1 1 1 1 1 1.1032
43 1 4 1 1 1 1 1 1.1627
44 3 5 3 1 1 3 1 3.0129
45 2 2 3 2 1 3 1 1.6500
46 1 1 3 1 1 3 1 1.0562
47 2 2 2 1 1 2 1 1.9441
48 2 2 1 1 1 1 1 1.9738
49 3 6 2 2 1 2 1 1.1795
50 3 7 1 2 1 1 1 1.3367
51 2 9 2 2 1 2 1 1.4052
52 1 1 3 2 1 3 1 3.3753
53 3 5 1 2 1 1 1 1.8849
54 1 8 1 2 1 1 1 1.4416
55 1 8 1 1 1 1 1 1.4683
56 3 7 2 2 1 2 1 2.3326
57 1 4 1 2 1 1 1 1.4764
58 1 1 2 1 1 2 1 1.3173
59 3 7 3 2 1 3 1 1.3668
60 2 5 1 1 1 1 1 1.2878
61 1 6 1 1 1 1 1 1.3004
62 2 9 2 1 1 2 1 1.3386
63 2 9 1 2 1 1 1 1.4908
64 3 6 3 1 1 3 1 1.2567
65 3 1 1 1 1 1 1 2.2290
66 2 5 2 2 1 2 1 1.7775
