Ear: L
Audiogram left  : NA
Audiogram right : NA
# Keys:
# Consonant_ID  : d=1 g=2 l=3 f=4 th=5 jh=6 p=7 sh=8 t=9 
# Vowel_ID      : IH=1 EH=2 AE=3 
# F0_ID         : high_f0=1 low_f0=2 # Columns       : Trial Consonant_1_ID Consonant_2_ID Vowel_ID F0_ID Heard_Consonant Answer_vowel Correct Time_elapsed
1 1 6 2 1 1 2 1 1.1218
2 1 4 1 2 1 1 1 0.9653
3 1 1 3 2 1 3 1 1.3379
4 2 2 1 1 1 1 1 1.2244
5 3 6 1 2 1 1 1 2.0198
6 3 7 3 2 1 3 1 1.2554
7 1 4 2 2 1 2 1 1.3262
8 1 8 3 2 1 3 1 1.4256
9 3 5 3 1 1 3 1 1.3918
10 3 5 2 2 1 2 1 0.8750
11 3 5 1 2 1 1 1 1.4209
12 1 4 3 2 1 3 1 2.4495
13 2 5 1 2 1 1 1 1.7969
14 3 5 3 2 1 2 0 1.8853
15 2 9 2 1 1 2 1 1.1186
16 1 1 3 1 1 3 1 1.2826
17 1 1 2 2 1 2 1 1.2609
18 3 7 2 2 1 2 1 2.1360
19 2 9 3 1 1 3 1 1.5724
20 2 2 3 1 1 3 1 1.1428
21 1 6 3 2 1 3 1 2.4320
22 3 1 3 2 1 3 1 1.0664
23 1 6 2 2 1 2 1 1.9119
24 3 7 1 2 1 1 1 1.5669
25 1 4 3 1 1 3 1 1.6235
26 3 5 2 1 1 2 1 1.4000
27 2 2 3 2 1 3 1 1.4760
28 2 5 3 2 1 2 0 0.9889
29 3 1 1 2 1 1 1 1.1435
30 1 6 1 1 1 1 1 2.1436
31 2 9 1 2 1 1 1 1.9636
32 2 5 3 1 1 3 1 1.7828
33 1 1 1 1 1 1 1 1.4713
34 3 7 1 1 1 1 1 1.4309
35 3 1 1 1 1 1 1 1.4997
36 1 4 1 1 1 1 1 1.9801
37 1 8 3 1 1 3 1 1.7021
38 1 8 2 1 1 3 0 2.3080
39 2 2 2 1 1 2 1 1.3972
40 2 5 2 2 1 2 1 1.3886
41 1 6 3 1 1 3 1 1.0391
42 1 1 1 2 1 1 1 1.0284
43 1 8 2 2 1 2 1 1.9683
44 2 9 2 2 1 2 1 1.4280
45 3 1 2 2 1 2 1 1.8645
46 3 5 1 1 1 1 1 0.9601
47 1 1 2 1 1 2 1 1.3554
48 3 7 2 1 1 2 1 1.6906
49 3 6 3 2 1 3 1 1.6527
50 2 2 2 2 1 2 1 2.2706
51 2 5 1 1 1 1 1 1.2470
52 3 6 2 1 1 2 1 1.8403
53 2 9 3 2 1 3 1 2.0042
54 2 2 1 2 1 1 1 1.3795
55 1 4 2 1 1 2 1 1.0653
56 3 7 3 1 1 3 1 2.0123
57 1 8 1 1 1 1 1 1.6340
58 3 6 3 1 1 3 1 1.7521
59 3 1 3 1 1 3 1 0.9001
60 2 9 1 1 1 1 1 1.9858
61 3 6 2 2 1 2 1 1.4522
62 2 5 2 1 1 2 1 1.6643
63 1 6 1 2 1 1 1 2.1020
64 3 1 2 1 1 2 1 1.8506
65 1 8 1 2 1 1 1 2.5059
66 3 6 1 1 1 1 1 1.9883
