Ear: R
Audiogram left  : NA
Audiogram right : NA
# Keys:
# Consonant_ID  : d=1 g=2 l=3 f=4 th=5 jh=6 p=7 sh=8 t=9 
# Vowel_ID      : IH=1 EH=2 AE=3 
# F0_ID         : high_f0=1 low_f0=2 # Columns       : Trial Consonant_1_ID Consonant_2_ID Vowel_ID F0_ID Heard_Consonant Answer_vowel Correct Time_elapsed
1 3 1 2 1 1 2 1 1.5702
2 3 1 3 2 1 3 1 1.5162
3 1 8 1 2 1 1 1 1.3768
4 3 1 2 2 1 2 1 0.9310
5 1 1 2 1 1 2 1 1.1439
6 1 1 3 1 1 3 1 1.2056
7 2 2 3 1 1 3 1 1.2059
8 1 6 2 1 1 2 1 1.3261
9 3 6 2 1 1 2 1 1.5885
10 2 2 2 2 1 2 1 0.4589
11 1 4 3 1 1 3 1 1.4065
12 3 1 1 1 1 1 1 1.2988
13 2 9 3 1 1 3 1 0.7948
14 2 5 3 2 1 2 0 1.0425
15 2 9 2 2 1 2 1 0.5931
16 1 6 1 2 1 1 1 0.8865
17 1 1 1 1 1 1 1 1.8357
18 2 2 2 1 1 2 1 1.0193
19 1 6 3 1 1 3 1 1.2426
20 2 2 3 2 1 3 1 1.1324
21 3 1 1 2 1 1 1 1.5062
22 3 7 3 1 1 3 1 0.9351
23 3 7 1 1 1 1 1 1.2698
24 1 8 3 2 1 3 1 1.1709
25 3 5 1 2 1 1 1 1.8364
26 3 7 1 2 1 1 1 1.2822
27 2 5 1 2 1 1 1 0.9940
28 1 6 2 2 1 2 1 1.0114
29 2 5 3 1 1 3 1 2.1078
30 2 9 2 1 1 2 1 1.0447
31 1 1 3 2 1 3 1 0.9902
32 2 9 3 2 1 3 1 0.6974
33 3 7 2 2 1 2 1 1.3475
34 1 6 3 2 1 3 1 1.6683
35 1 8 2 2 1 2 1 1.0982
36 2 5 2 2 1 2 1 0.7052
37 3 6 3 2 1 3 1 0.8995
38 3 6 1 1 1 1 1 0.7639
39 2 9 1 2 1 1 1 0.7276
40 3 5 3 1 1 3 1 1.6351
41 1 8 2 1 1 2 1 1.3137
42 3 6 3 1 1 3 1 1.8391
43 3 5 3 2 1 2 0 1.9219
44 2 2 1 1 1 1 1 1.1038
45 2 2 1 2 1 1 1 1.6712
46 1 4 1 2 1 1 1 1.0490
47 1 1 2 2 1 2 1 1.2441
48 3 5 2 1 1 2 1 1.4164
49 1 4 2 2 1 2 1 0.8886
50 1 4 3 2 1 3 1 1.2786
51 1 1 1 2 1 1 1 1.6418
52 1 4 2 1 1 2 1 0.6179
53 2 5 1 1 1 1 1 1.7440
54 2 5 2 1 1 2 1 0.9805
55 2 9 1 1 1 1 1 0.8059
56 3 6 2 2 1 2 1 1.2045
57 3 5 1 1 1 1 1 1.2040
58 3 6 1 2 1 1 1 1.0548
59 3 1 3 1 1 3 1 0.4286
60 1 8 3 1 1 3 1 2.2759
61 3 7 2 1 1 2 1 1.3109
62 1 8 1 1 1 1 1 0.9319
63 1 4 1 1 1 1 1 1.2155
64 3 5 2 2 1 2 1 1.7381
65 1 6 1 1 1 1 1 1.5895
66 3 7 3 2 1 3 1 1.2235
