Ear: B
Audiogram left  : NA
Audiogram right : NA
# Keys:
# Consonant_ID  : d=1 g=2 l=3 f=4 th=5 jh=6 p=7 sh=8 t=9 
# Vowel_ID      : IH=1 EH=2 AE=3 
# F0_ID         : high_f0=1 low_f0=2 # Columns       : Trial Consonant_1_ID Consonant_2_ID Vowel_ID F0_ID Heard_Consonant Answer_vowel Correct Time_elapsed
1 1 1 3 2 1 3 1 1.1381
2 3 6 3 2 1 3 1 1.1986
3 3 7 1 1 1 1 1 0.0208
4 1 4 2 2 1 2 1 2.1410
5 1 8 2 2 1 2 1 0.2299
6 1 6 1 2 1 2 0 0.0318
7 2 9 3 2 1 3 1 0.0103
8 1 4 3 2 1 3 1 0.4641
9 3 6 2 1 1 2 1 0.5681
10 3 1 3 2 1 3 1 1.5347
11 2 9 1 1 1 1 1 2.8611
12 3 6 3 1 1 3 1 0.3513
13 2 9 1 2 1 2 0 1.1486
14 1 4 1 1 1 1 1 0.4313
15 1 8 2 1 1 2 1 0.1104
16 3 1 2 2 1 2 1 2.6536
17 1 6 3 1 1 3 1 1.0082
18 1 1 2 2 1 2 1 0.2351
19 3 7 2 2 1 2 1 0.1866
20 1 6 3 2 1 3 1 0.1121
21 1 4 3 1 1 3 1 0.5105
22 3 6 2 2 1 2 1 0.2055
23 2 5 2 1 1 2 1 0.7913
24 2 2 1 1 1 1 1 0.2451
25 2 2 2 1 1 2 1 0.3586
26 2 9 2 1 1 2 1 0.4073
27 1 4 1 2 1 1 1 0.2881
28 3 1 2 1 1 2 1 0.6632
29 1 6 1 1 1 1 1 0.1138
30 1 1 1 1 1 2 0 0.0925
31 3 7 3 2 1 3 1 0.0827
32 2 5 1 1 1 1 1 0.1241
33 2 9 2 2 1 2 1 0.6676
34 2 5 2 2 1 2 1 0.0206
35 3 5 1 2 1 1 1 0.3470
36 2 5 3 1 1 3 1 0.3009
37 3 6 1 1 1 1 1 0.8023
38 1 6 2 1 1 2 1 0.3558
39 2 2 1 2 1 1 1 1.0538
40 3 5 3 1 1 3 1 0.7010
41 1 4 2 1 1 2 1 0.2671
42 2 5 1 2 1 1 1 1.6556
43 3 5 1 1 1 1 1 1.2150
44 1 1 1 2 1 2 0 1.1630
45 1 1 2 1 1 2 1 0.1634
46 1 6 2 2 1 2 1 1.2579
47 1 8 3 2 1 3 1 0.1135
48 3 7 3 1 1 3 1 0.9318
49 2 2 3 2 1 3 1 0.1975
50 1 8 1 1 1 1 1 0.9239
51 3 1 3 1 1 3 1 0.1120
52 3 1 1 2 1 2 0 0.3677
53 1 8 3 1 1 3 1 0.9775
54 3 5 2 2 1 2 1 0.3386
55 3 6 1 2 1 2 0 0.4372
56 1 8 1 2 1 1 1 0.6345
57 3 5 2 1 1 2 1 0.5850
58 3 7 2 1 1 2 1 0.6641
59 3 5 3 2 1 3 1 1.2288
60 3 7 1 2 1 1 1 0.6230
61 2 5 3 2 1 3 1 2.0568
62 3 1 1 1 1 1 1 0.0510
63 1 1 3 1 1 3 1 0.5851
64 2 2 2 2 1 2 1 0.1642
65 2 2 3 1 1 3 1 0.2688
66 2 9 3 1 1 3 1 0.3062
