Ear: B
Audiogram left  : NA
Audiogram right : NA
# Keys:
# Consonant_ID  : d=1 g=2 l=3 f=4 th=5 jh=6 p=7 sh=8 t=9 
# Vowel_ID      : IH=1 EH=2 AE=3 
# F0_ID         : high_f0=1 low_f0=2 
# Columns       : Trial Con1 Con2 V1 V2 F01 F02 Ans1V Ans2V Ans3V Ans1C Ans2C Ans3C OneType BothOK RT
1 1 4 3 1 1 2 1 2 1 1 0 0 0 0 27.7003
2 3 7 3 1 2 2 1 3 -1 1 1 0 0 1 8.6038
3 2 9 1 3 2 2 2 3 -1 1 1 0 0 0 12.0568
4 2 9 2 2 1 2 2 2 -1 1 0 0 1 1 6.0486
5 1 8 1 3 2 2 1 3 -1 1 0 0 0 1 6.7558
6 3 6 3 3 1 2 3 3 -1 1 0 0 1 1 3.8924
7 1 1 1 3 2 2 2 3 -1 1 1 0 0 0 12.9832
8 2 9 1 3 1 2 2 3 -1 1 1 0 0 0 3.3596
9 1 6 3 3 1 2 3 3 -1 1 0 0 1 1 4.8957
10 1 8 3 3 2 2 3 -1 -1 1 0 0 1 1 3.5831
11 3 1 2 2 1 2 2 2 -1 1 0 0 1 1 3.2621
12 1 6 3 1 2 2 1 3 -1 1 0 0 0 1 10.4106
13 2 5 3 1 1 1 1 1 -1 1 0 0 1 0 9.0270
14 1 1 3 3 1 2 3 3 -1 1 0 0 1 1 5.6427
15 3 5 3 1 2 2 1 3 -1 1 1 0 0 1 8.5786
16 3 1 3 1 1 2 2 2 1 1 0 0 0 0 9.1715
17 2 2 1 3 1 1 3 1 -1 1 1 0 0 1 7.1682
18 3 7 3 1 1 2 1 3 -1 1 1 0 0 1 10.5247
19 3 1 1 1 1 2 1 1 -1 1 0 0 1 1 6.7327
20 3 6 1 3 1 1 3 3 -1 1 0 0 1 0 5.8195
21 1 4 2 2 1 2 2 -1 -1 1 0 0 1 1 2.6480
22 3 1 1 3 1 1 2 3 -1 1 1 0 0 0 5.8496
23 2 5 1 3 1 2 1 3 -1 1 1 0 0 1 3.7925
24 2 5 3 1 2 2 1 1 3 1 0 0 0 1 15.2702
25 1 4 1 1 2 2 1 -1 -1 1 0 0 1 1 3.2196
26 2 5 1 3 1 1 1 3 -1 1 1 0 0 1 6.1592
27 1 4 3 3 1 2 3 3 -1 1 0 0 1 1 6.7291
28 1 6 1 1 2 2 1 -1 -1 1 0 0 1 1 2.3436
29 3 1 1 3 1 2 3 1 -1 1 1 0 0 1 10.4973
30 1 4 1 3 2 2 1 3 -1 1 0 0 0 1 9.5468
31 1 8 3 1 1 2 1 3 -1 1 0 0 0 1 12.0871
32 2 9 1 3 1 1 1 3 -1 1 0 0 0 1 15.5707
33 2 9 3 3 1 2 3 3 -1 1 0 0 1 1 4.7096
34 2 9 3 1 1 2 1 3 -1 1 0 0 0 1 8.0561
35 3 5 1 1 1 2 1 1 -1 1 0 0 1 1 3.7586
36 3 7 1 3 1 2 1 3 -1 1 1 0 0 1 6.9207
37 2 5 1 3 2 2 1 3 -1 1 0 0 0 1 11.0533
38 2 5 2 2 1 2 2 2 1 1 0 0 0 0 13.9599
39 3 6 2 2 2 2 2 -1 -1 1 0 0 1 1 2.3057
40 3 1 1 3 2 2 2 3 -1 1 1 0 0 0 5.1774
41 3 5 3 1 1 2 1 3 -1 1 1 0 0 1 19.6447
42 3 7 1 1 1 2 1 1 -1 1 0 0 1 1 5.2415
43 2 5 3 3 1 2 3 3 -1 1 0 0 1 1 2.9540
44 2 2 3 1 1 2 3 1 -1 1 1 0 0 1 10.3596
45 1 1 3 1 2 2 1 3 -1 1 1 0 0 1 15.1262
46 3 7 1 3 2 2 3 1 -1 1 1 0 0 1 4.0422
47 1 1 2 2 2 2 2 -1 -1 1 0 0 1 1 3.8032
48 3 1 3 3 1 2 3 3 -1 1 0 0 1 1 4.0261
49 1 4 1 3 1 2 1 3 -1 1 0 0 0 1 5.1893
50 2 2 3 3 1 2 3 3 -1 1 0 0 1 1 4.5099
51 1 6 2 2 1 2 2 2 -1 1 0 0 1 1 5.8758
52 1 8 2 2 1 2 2 -1 -1 1 0 0 1 1 3.4565
53 3 7 1 3 1 1 2 3 -1 1 1 0 0 0 8.8738
54 2 5 1 1 1 1 1 -1 -1 1 0 0 1 1 5.2705
55 3 6 1 1 1 2 1 1 -1 1 0 0 1 1 8.5060
56 2 2 1 1 1 2 1 1 -1 1 0 0 1 1 4.4957
57 3 6 1 3 2 2 1 3 -1 1 0 0 0 1 8.4145
58 1 6 3 1 1 1 1 3 -1 1 0 0 0 1 6.7095
59 3 5 1 3 2 2 1 3 -1 1 0 0 0 1 13.7475
60 3 6 3 1 2 2 1 3 -1 1 0 0 0 1 9.8560
61 2 5 2 2 2 2 2 -1 -1 1 0 0 1 1 4.5643
62 1 1 1 3 1 2 2 3 -1 1 1 0 0 0 8.9678
63 3 7 3 1 1 1 1 3 -1 1 1 0 0 1 18.0548
64 3 7 2 2 2 2 2 -1 -1 1 0 0 1 1 3.9637
65 1 6 1 3 2 2 1 3 -1 1 0 0 0 1 4.1098
66 2 2 1 3 1 2 3 1 -1 1 1 0 0 1 10.5127
67 1 6 3 1 1 2 1 3 -1 1 1 0 0 1 7.9614
68 1 6 1 3 1 1 2 3 -1 1 1 0 0 0 7.7804
69 3 6 1 3 1 2 1 3 -1 1 0 0 0 1 8.4468
70 2 9 3 1 1 1 2 3 -1 1 1 0 0 0 12.1745
71 1 8 1 3 1 1 1 3 -1 1 0 0 0 1 11.3578
72 1 6 2 2 1 1 2 -1 -1 1 0 0 1 1 4.9644
73 3 1 3 1 2 2 1 3 -1 1 1 0 0 1 2.7526
74 3 7 3 3 1 2 3 3 -1 1 0 0 1 1 2.7896
75 2 5 3 1 1 2 1 1 2 1 0 0 0 0 20.3707
76 1 1 3 1 1 2 1 3 -1 1 0 0 0 1 11.0601
77 2 2 3 1 2 2 1 3 -1 1 1 0 0 1 9.3085
78 2 2 1 3 2 2 1 3 -1 1 1 0 0 1 10.1066
79 1 4 3 1 2 2 1 1 -1 1 0 0 1 0 6.2604
80 1 1 1 3 1 1 1 3 -1 1 1 0 0 1 4.4009
81 1 4 1 3 1 1 1 3 -1 1 1 0 0 1 10.9111
82 1 8 3 1 2 2 1 3 -1 1 0 0 0 1 9.1868
83 1 1 2 2 1 2 2 2 -1 1 0 0 1 1 4.2056
84 1 1 1 1 1 2 1 2 -1 1 1 0 0 0 4.1359
85 3 7 2 2 1 2 2 2 -1 1 0 0 1 1 2.8550
86 1 4 3 1 1 1 1 2 -1 1 1 0 0 0 25.5160
87 3 6 3 1 1 2 2 3 -1 1 1 0 0 0 8.0101
88 2 9 1 1 1 2 1 1 -1 1 0 0 1 1 3.1120
89 1 6 1 1 1 2 1 1 -1 0 1 0 1 1 4.2117
90 3 7 1 1 2 2 1 -1 -1 1 0 0 1 1 2.6542
91 1 8 1 1 1 2 1 -1 -1 1 0 0 1 1 3.4067
92 2 2 3 1 1 1 3 1 -1 1 1 0 0 1 4.9456
93 3 1 3 1 1 1 3 1 -1 1 1 0 0 1 3.9454
94 1 1 3 1 1 1 1 3 -1 1 1 0 0 1 3.1366
95 3 6 3 1 1 1 1 3 -1 1 0 0 0 1 2.7058
96 2 5 1 1 2 2 1 -1 -1 1 0 0 1 1 4.0662
97 1 4 1 1 1 2 1 -1 -1 1 0 0 1 1 6.1948
98 1 8 3 1 1 1 3 1 -1 0 1 0 0 1 12.5238
99 3 5 1 3 1 2 1 3 -1 1 1 0 0 1 12.8484
100 3 6 2 2 1 2 2 2 -1 1 0 0 1 1 4.8122
101 2 5 1 1 1 2 1 1 -1 1 0 0 1 1 2.3081
102 2 9 3 1 2 2 1 3 -1 1 1 0 0 1 6.4005
103 3 5 1 3 1 1 1 3 -1 1 1 0 0 1 4.9105
104 3 5 3 3 1 2 3 -1 -1 1 0 0 1 1 2.5890
105 3 5 3 1 1 1 1 2 -1 1 0 0 0 0 12.4404
106 1 8 3 3 1 2 3 3 -1 1 0 0 1 1 6.8299
107 1 6 1 3 1 2 2 3 -1 1 1 0 0 0 7.0884
108 3 5 2 2 1 2 2 2 -1 1 0 0 1 1 11.9559
109 1 8 1 3 1 2 1 3 -1 1 0 0 0 1 5.1312
110 2 2 2 2 1 2 2 2 -1 1 0 0 1 1 3.3317
