Ear: B
Audiogram left  : NA
Audiogram right : NA
# Keys:
# Consonant_ID  : d=1 g=2 l=3 f=4 th=5 jh=6 p=7 sh=8 t=9 
# Vowel_ID      : IH=1 EH=2 AE=3 
# F0_ID         : high_f0=1 low_f0=2 # Columns       : Trial Consonant_1_ID Consonant_2_ID Vowel_ID F0_ID Heard_Consonant Answer_vowel Correct Time_elapsed
1 2 9 3 2 1 3 1 0.2151
2 2 5 3 1 1 3 1 1.2956
3 1 8 2 1 1 2 1 0.9637
4 3 6 1 2 1 1 1 1.1840
5 1 1 3 1 1 3 1 0.1134
6 2 5 2 1 1 2 1 1.2455
7 3 7 2 1 1 2 1 2.5782
8 3 6 2 1 1 2 1 1.2931
9 2 5 1 1 1 1 1 1.3635
10 3 5 2 2 1 2 1 1.2089
11 1 1 2 2 1 2 1 1.9897
12 3 5 1 1 1 1 1 0.6831
13 1 1 2 1 1 3 0 0.5751
14 3 1 2 1 1 2 1 0.8806
15 3 7 1 1 1 1 1 0.2491
16 2 9 1 1 1 2 0 3.0576
17 3 6 1 1 1 1 1 1.3342
18 1 6 3 1 1 3 1 0.8753
19 2 9 1 2 1 2 0 1.6372
20 3 1 3 2 1 3 1 2.0855
21 1 6 1 1 1 1 1 3.4377
22 1 6 3 2 1 3 1 1.9730
23 1 1 1 1 1 2 0 0.6902
24 1 4 1 1 1 1 1 1.5330
25 3 7 3 1 1 3 1 1.1142
26 1 4 2 2 1 2 1 1.2824
27 3 1 2 2 1 2 1 1.4890
28 3 1 3 1 1 3 1 0.7123
29 3 7 2 2 1 2 1 0.8868
30 1 6 2 1 1 2 1 2.2538
31 3 7 3 2 1 3 1 2.3870
32 1 1 3 2 1 3 1 1.4318
33 2 2 1 1 1 1 1 1.7353
34 2 5 1 2 1 1 1 0.6742
35 3 1 1 2 1 1 1 2.1558
36 2 2 3 1 1 3 1 0.3893
37 1 4 2 1 1 2 1 1.5267
38 2 5 2 2 1 2 1 1.6703
39 1 6 1 2 1 2 0 2.4294
40 3 1 1 1 1 1 1 1.0735
41 2 5 3 2 1 3 1 0.3667
42 3 6 3 2 1 3 1 0.7377
43 2 9 2 1 1 2 1 0.9328
44 2 2 1 2 1 1 1 1.6015
45 2 2 2 2 1 2 1 0.3197
46 1 6 2 2 1 2 1 2.2197
47 1 8 3 2 1 3 1 0.8879
48 1 4 3 1 1 3 1 0.5752
49 1 8 1 1 1 1 1 1.4136
50 2 9 3 1 1 3 1 0.2159
51 1 4 1 2 1 1 1 1.3440
52 3 6 2 2 1 2 1 2.0795
53 1 4 3 2 1 3 1 0.3802
54 3 5 3 1 1 3 1 0.0411
55 3 6 3 1 1 3 1 0.8800
56 1 8 1 2 1 1 1 2.2990
57 1 1 1 2 1 2 0 1.6309
58 3 7 1 2 1 1 1 1.2467
59 2 2 3 2 1 3 1 0.7069
60 1 8 2 2 1 2 1 1.3995
61 3 5 2 1 1 2 1 1.2559
62 2 2 2 1 1 2 1 1.7614
63 3 5 1 2 1 1 1 0.2469
64 2 9 2 2 1 2 1 0.6789
65 3 5 3 2 1 2 0 1.9222
66 1 8 3 1 1 3 1 0.3000
