Ear: B
Audiogram left  : NA
Audiogram right : NA
# Keys:
# Consonant_ID  : d=1 g=2 l=3 f=4 th=5 jh=6 p=7 sh=8 t=9 
# Vowel_ID      : IH=1 EH=2 AE=3 
# F0_ID         : high_f0=1 low_f0=2 # Columns       : Trial Consonant_1_ID Consonant_2_ID Vowel_ID F0_ID Heard_Consonant Answer_vowel Correct Time_elapsed
1 3 1 3 2 1 3 1 0.1298
2 2 2 3 1 1 3 1 0.0936
3 1 1 2 1 1 2 1 1.4134
4 2 5 3 1 1 3 1 0.3149
5 3 7 3 1 1 3 1 0.2240
6 2 5 3 2 1 2 0 1.0764
7 2 5 2 2 1 2 1 0.8629
8 3 1 2 1 1 1 0 1.3121
9 1 8 2 1 1 2 1 0.9742
10 1 1 2 2 1 2 1 0.6728
11 2 2 2 2 1 2 1 6.3776
12 1 6 2 2 1 2 1 1.3719
13 3 5 2 2 1 2 1 0.2672
14 3 5 2 1 1 1 0 0.5623
15 1 8 1 2 1 2 0 0.8330
16 1 6 1 1 1 1 1 0.7541
17 1 8 3 1 1 3 1 0.1749
18 1 6 3 1 1 3 1 0.1774
19 2 9 3 2 1 3 1 0.3757
20 3 6 2 1 1 2 1 2.8235
21 1 4 1 2 1 1 1 0.6252
22 3 6 2 2 1 2 1 1.0125
23 3 7 2 1 1 1 0 1.1460
24 2 9 3 1 1 3 1 0.7246
25 3 6 1 2 1 1 1 0.2174
26 3 7 1 2 1 1 1 0.0305
27 3 1 2 2 1 2 1 0.7994
28 2 2 2 1 1 2 1 1.0904
29 2 2 3 2 1 3 1 0.2032
30 3 5 3 2 1 3 1 2.4461
31 1 4 2 1 1 2 1 0.7971
32 3 6 1 1 1 1 1 0.0204
33 1 4 2 2 1 2 1 0.4589
34 1 6 2 1 1 2 1 6.4300
35 1 8 2 2 1 2 1 0.2036
36 3 5 1 1 1 1 1 0.0931
37 2 9 2 2 1 2 1 0.6414
38 1 6 1 2 1 1 1 0.1747
39 1 1 1 2 1 1 1 0.1338
40 2 2 1 1 1 1 1 1.4721
41 2 9 1 2 1 1 1 0.6839
42 1 1 3 2 1 3 1 0.8840
43 2 9 1 1 1 2 0 0.6405
44 1 4 1 1 1 1 1 0.6553
45 2 9 2 1 1 2 1 0.8088
46 3 6 3 2 1 3 1 0.2175
47 2 5 1 1 1 1 1 0.1635
48 2 2 1 2 1 2 0 1.8855
49 1 8 1 1 1 1 1 0.8071
50 2 5 1 2 1 1 1 0.6863
51 3 1 1 2 1 1 1 1.1302
52 3 1 1 1 1 2 0 2.2469
53 1 4 3 2 1 3 1 0.8927
54 3 5 3 1 1 3 1 1.5484
55 2 5 2 1 1 2 1 0.1882
56 3 7 3 2 1 3 1 0.7303
57 1 6 3 2 1 3 1 0.6669
58 1 1 1 1 1 2 0 2.9740
59 1 4 3 1 1 3 1 0.3387
60 1 1 3 1 1 3 1 0.2378
61 3 5 1 2 1 1 1 0.5964
62 3 7 1 1 1 1 1 0.6260
63 3 7 2 2 1 2 1 0.5946
64 3 1 3 1 1 3 1 0.7240
65 1 8 3 2 1 3 1 0.6236
66 3 6 3 1 1 3 1 0.1621
