Ear: L
Audiogram left  : NA
Audiogram right : NA
# Keys:
# Consonant_ID  : d=1 g=2 l=3 f=4 th=5 jh=6 p=7 sh=8 t=9 
# Vowel_ID      : IH=1 EH=2 AE=3 
# F0_ID         : high_f0=1 low_f0=2 # Columns       : Trial Consonant_1_ID Consonant_2_ID Vowel_ID F0_ID Heard_Consonant Answer_vowel Correct Time_elapsed
1 2 9 1 2 1 1 1 0.8119
2 1 1 2 1 1 2 1 0.9690
3 3 5 2 1 1 2 1 0.1632
4 1 8 1 2 1 1 1 5.0909
5 2 5 2 2 1 2 1 0.7226
6 1 6 3 1 1 3 1 0.2882
7 1 6 1 1 1 1 1 0.9202
8 1 6 2 2 1 2 1 0.2679
9 1 6 3 2 1 3 1 0.8572
10 2 5 1 1 1 1 1 1.1521
11 1 6 2 1 1 2 1 0.6966
12 3 1 2 1 1 2 1 1.1321
13 3 6 1 1 1 1 1 0.2131
14 3 7 1 2 1 1 1 1.0494
15 1 1 1 2 1 2 0 1.0206
16 2 5 3 1 1 3 1 0.3330
17 1 6 1 2 1 2 0 1.4571
18 3 5 3 1 1 3 1 0.2652
19 3 7 3 1 1 3 1 0.7474
20 2 9 3 1 1 3 1 0.0210
21 2 9 3 2 1 3 1 0.5036
22 1 8 1 1 1 1 1 0.4531
23 3 6 2 1 1 1 0 1.1139
24 3 1 3 2 1 3 1 0.6469
25 1 1 1 1 1 2 0 0.0524
26 2 2 3 1 1 3 1 2.8365
27 2 5 1 2 1 1 1 1.6076
28 1 4 2 2 1 2 1 0.8181
29 1 8 3 1 1 3 1 0.2172
30 3 6 3 1 1 3 1 1.0320
31 2 9 2 2 1 2 1 0.6864
32 3 5 1 2 1 1 1 0.7152
33 3 1 1 2 1 1 1 0.1221
34 2 5 2 1 1 2 1 0.9730
35 1 1 3 2 1 3 1 0.1033
36 2 5 3 2 1 3 1 0.4715
37 3 6 1 2 1 1 1 5.2506
38 1 4 1 2 1 1 1 1.2377
39 3 1 3 1 1 3 1 0.2647
40 2 9 2 1 1 2 1 0.2494
41 1 4 3 2 1 3 1 3.1063
42 2 2 1 2 1 1 1 2.2469
43 3 6 3 2 1 3 1 0.8166
44 1 8 3 2 1 3 1 0.7085
45 3 7 1 1 1 1 1 3.4701
46 3 7 2 1 1 2 1 0.6523
47 1 4 3 1 1 3 1 0.2248
48 3 5 1 1 1 1 1 0.8807
49 3 5 3 2 1 3 1 3.2131
50 2 2 3 2 1 3 1 0.5587
51 3 5 2 2 1 2 1 0.1124
52 1 8 2 2 1 2 1 0.7579
53 2 2 1 1 1 1 1 0.7368
54 1 4 1 1 1 1 1 0.8254
55 3 1 1 1 1 1 1 0.7494
56 1 8 2 1 1 2 1 0.8849
57 2 2 2 1 1 2 1 1.3644
58 1 4 2 1 1 2 1 0.8784
59 1 1 2 2 1 2 1 0.8604
60 3 1 2 2 1 2 1 0.7856
61 3 7 3 2 1 3 1 1.0415
62 2 9 1 1 1 1 1 0.7437
63 3 7 2 2 1 2 1 0.8461
64 1 1 3 1 1 3 1 1.0322
65 3 6 2 2 1 2 1 0.6023
66 2 2 2 2 1 3 0 5.7908
