Ear: L
Audiogram left  : NA
Audiogram right : NA
# Keys:
# Consonant_ID  : d=1 g=2 l=3 f=4 th=5 jh=6 p=7 sh=8 t=9 
# Vowel_ID      : IH=1 EH=2 AE=3 
# F0_ID         : high_f0=1 low_f0=2 # Columns       : Trial Consonant_1_ID Consonant_2_ID Vowel_ID F0_ID Heard_Consonant Answer_vowel Correct Time_elapsed
1 3 1 3 1 1 3 1 0.8887
2 3 6 1 1 1 1 1 1.5010
3 3 7 2 1 1 2 1 0.6765
4 1 6 3 1 1 3 1 0.7805
5 1 4 1 2 1 1 1 0.6673
6 1 4 1 1 1 1 1 1.3662
7 2 5 2 1 1 2 1 0.8117
8 2 9 1 1 1 1 1 0.2565
9 1 8 1 2 1 1 1 0.7244
10 1 1 2 1 1 2 1 0.7465
11 1 8 1 1 1 1 1 2.4328
12 2 2 1 2 1 2 0 3.7080
13 3 1 3 2 1 3 1 1.5254
14 2 9 3 2 1 3 1 0.7473
15 2 2 3 2 1 3 1 0.2556
16 3 6 2 2 1 2 1 1.5843
17 1 4 3 2 1 3 1 0.2974
18 1 8 3 2 1 3 1 0.4811
19 1 8 2 1 1 2 1 0.4158
20 1 1 2 2 1 2 1 0.2958
21 3 6 1 2 1 1 1 0.6466
22 3 7 1 1 1 1 1 0.2141
23 3 5 3 2 1 3 1 0.5377
24 3 6 3 2 1 3 1 0.7364
25 2 9 2 2 1 2 1 1.2838
26 1 1 3 2 1 3 1 1.2421
27 1 6 2 2 1 2 1 0.7023
28 3 5 2 1 1 2 1 0.6893
29 2 9 1 2 1 2 0 5.1358
30 2 9 3 1 1 3 1 0.1245
31 1 8 3 1 1 3 1 0.0725
32 3 1 1 2 1 1 1 0.2248
33 3 7 2 2 1 2 1 0.7005
34 2 5 1 2 1 1 1 0.6258
35 2 2 2 1 1 2 1 1.6785
36 3 5 1 2 1 1 1 0.7972
37 1 4 2 2 1 2 1 0.7739
38 2 2 2 2 1 2 1 4.1817
39 3 5 2 2 1 2 1 0.7269
40 1 1 1 2 1 2 0 5.1758
41 3 5 3 1 1 3 1 1.2750
42 3 6 3 1 1 3 1 1.0700
43 1 8 2 2 1 2 1 0.2566
44 3 7 3 1 1 3 1 0.2954
45 1 4 2 1 1 2 1 0.3461
46 2 2 1 1 1 1 1 0.7630
47 3 1 1 1 1 1 1 0.7563
48 2 9 2 1 1 2 1 0.8314
49 3 1 2 1 1 2 1 0.8158
50 3 5 1 1 1 1 1 0.6976
51 1 1 1 1 1 1 1 4.8990
52 2 5 3 1 1 3 1 12.5543
53 3 6 2 1 1 2 1 4.5582
54 2 5 2 2 1 2 1 4.2899
55 1 6 2 1 1 2 1 0.9170
56 1 1 3 1 1 3 1 1.2687
57 3 7 3 2 1 3 1 0.6129
58 1 6 1 2 1 1 1 0.5127
59 1 6 3 2 1 3 1 0.8067
60 2 2 3 1 1 3 1 1.1252
61 3 1 2 2 1 2 1 1.2122
62 2 5 3 2 1 3 1 0.1324
63 1 4 3 1 1 3 1 0.1947
64 1 6 1 1 1 1 1 0.1633
65 3 7 1 2 1 1 1 0.7186
66 2 5 1 1 1 1 1 0.7285
