Ear: B
Audiogram left  : NA
Audiogram right : NA
# Keys:
# Consonant_ID  : d=1 g=2 l=3 f=4 th=5 jh=6 p=7 sh=8 t=9 
# Vowel_ID      : IH=1 EH=2 AE=3 
# F0_ID         : high_f0=1 low_f0=2 
# Columns       : Trial Con1 Con2 V1 V2 F01 F02 Ans1V Ans2V Ans3V Ans1C Ans2C Ans3C OneType BothOK RT
1 1 4 3 1 1 2 1 3 -1 1 1 0 0 1 9.0246
2 3 7 3 1 2 2 1 3 -1 1 1 0 0 1 6.9205
3 2 9 1 3 2 2 1 3 -1 1 0 0 0 1 5.8745
4 2 9 2 2 1 2 2 2 -1 1 0 0 1 1 3.1449
5 1 8 1 3 2 2 3 1 -1 0 1 0 0 1 7.1200
6 3 6 3 3 1 2 3 1 2 0 1 1 0 0 18.4197
7 1 1 1 3 2 2 3 1 3 1 1 0 0 1 11.0718
8 2 9 1 3 1 2 1 3 -1 1 1 0 0 1 9.3000
9 1 6 3 3 1 2 3 3 -1 1 0 0 1 1 7.0993
10 1 8 3 3 2 2 3 -1 -1 1 0 0 1 1 6.8081
11 3 1 2 2 1 2 2 2 -1 1 0 0 1 1 3.7064
12 1 6 3 1 2 2 1 2 -1 1 0 0 0 0 16.0511
13 2 5 3 1 1 1 1 2 -1 1 1 0 0 0 17.7330
14 1 1 3 3 1 2 2 3 -1 1 1 0 0 0 10.6317
15 3 5 3 1 2 2 1 3 3 1 1 0 0 1 12.6327
16 3 1 3 1 1 2 2 1 -1 1 1 0 0 0 9.1939
17 2 2 1 3 1 1 3 1 -1 1 1 0 0 1 4.4865
18 3 7 3 1 1 2 1 3 -1 1 1 0 0 1 5.7000
19 3 1 1 1 1 2 1 1 -1 1 0 0 1 1 8.9219
20 3 6 1 3 1 1 2 3 -1 1 0 0 0 0 9.5064
21 1 4 2 2 1 2 2 -1 -1 1 0 0 1 1 4.9693
22 3 1 1 3 1 1 2 3 -1 1 1 0 0 0 7.3816
23 2 5 1 3 1 2 3 1 -1 1 1 0 0 1 13.2776
24 2 5 3 1 2 2 1 3 1 1 0 0 0 1 14.0387
25 1 4 1 1 2 2 1 -1 -1 1 0 0 1 1 3.0008
26 2 5 1 3 1 1 3 1 -1 1 1 0 0 1 3.7472
27 1 4 3 3 1 2 3 3 1 1 0 0 0 0 16.7120
28 1 6 1 1 2 2 1 -1 -1 1 0 0 1 1 7.0677
29 3 1 1 3 1 2 3 1 -1 1 1 0 0 1 3.6344
30 1 4 1 3 2 2 1 3 -1 1 0 0 0 1 5.0026
31 1 8 3 1 1 2 1 1 -1 1 0 0 1 0 18.3234
32 2 9 1 3 1 1 1 3 3 1 0 1 0 1 12.1681
33 2 9 3 3 1 2 3 3 -1 1 0 0 1 1 3.1200
34 2 9 3 1 1 2 1 3 3 1 0 1 0 1 9.8653
35 3 5 1 1 1 2 1 1 -1 1 0 0 1 1 3.6489
36 3 7 1 3 1 2 3 1 -1 1 1 0 0 1 5.1339
37 2 5 1 3 2 2 3 1 -1 1 1 0 0 1 6.1823
38 2 5 2 2 1 2 2 3 -1 1 1 0 0 0 3.5655
39 3 6 2 2 2 2 2 -1 -1 1 0 0 1 1 3.0486
40 3 1 1 3 2 2 1 3 -1 1 1 0 0 1 1.6360
41 3 5 3 1 1 2 1 2 -1 1 1 0 0 0 7.1040
42 3 7 1 1 1 2 1 1 -1 1 0 0 1 1 3.2828
43 2 5 3 3 1 2 3 3 -1 1 0 0 1 1 5.5825
44 2 2 3 1 1 2 1 3 -1 1 1 0 0 1 6.7568
45 1 1 3 1 2 2 1 2 -1 1 1 0 0 0 4.5806
46 3 7 1 3 2 2 3 1 -1 1 1 0 0 1 5.6474
47 1 1 2 2 2 2 2 -1 -1 1 0 0 1 1 3.3203
48 3 1 3 3 1 2 3 -1 -1 1 0 0 1 1 4.2394
49 1 4 1 3 1 2 1 3 -1 1 1 0 0 1 5.3974
50 2 2 3 3 1 2 3 3 -1 1 0 0 1 1 12.0918
51 1 6 2 2 1 2 2 2 -1 0 1 0 1 1 4.2297
52 1 8 2 2 1 2 2 -1 -1 1 0 0 1 1 3.2234
53 3 7 1 3 1 1 1 3 -1 1 1 0 0 1 4.2830
54 2 5 1 1 1 1 1 -1 -1 1 0 0 1 1 3.9149
55 3 6 1 1 1 2 1 1 -1 1 0 0 1 1 3.9813
56 2 2 1 1 1 2 1 1 -1 1 0 0 1 1 10.2551
57 3 6 1 3 2 2 1 3 -1 1 0 0 0 1 6.1649
58 1 6 3 1 1 1 1 3 -1 1 0 0 0 1 9.2319
59 3 5 1 3 2 2 3 1 -1 1 1 0 0 1 5.7607
60 3 6 3 1 2 2 1 3 -1 1 0 0 0 1 7.7843
61 2 5 2 2 2 2 2 -1 -1 1 0 0 1 1 6.6363
62 1 1 1 3 1 2 2 3 -1 1 1 0 0 0 4.1186
63 3 7 3 1 1 1 2 3 -1 1 0 0 0 0 16.8348
64 3 7 2 2 2 2 2 -1 -1 1 0 0 1 1 3.5124
65 1 6 1 3 2 2 1 3 -1 1 0 0 0 1 4.8594
66 2 2 1 3 1 2 3 1 -1 1 1 0 0 1 3.8440
67 1 6 3 1 1 2 1 3 1 1 0 0 0 1 12.9113
68 1 6 1 3 1 1 1 3 -1 1 0 0 0 1 10.3109
69 3 6 1 3 1 2 1 3 -1 1 0 0 0 1 13.7134
70 2 9 3 1 1 1 3 2 -1 1 1 0 0 0 21.9858
71 1 8 1 3 1 1 1 3 -1 1 1 0 0 1 11.6255
72 1 6 2 2 1 1 2 -1 -1 1 0 0 1 1 2.6498
73 3 1 3 1 2 2 1 2 -1 1 1 0 0 0 2.9863
74 3 7 3 3 1 2 3 3 -1 1 0 0 1 1 8.1149
75 2 5 3 1 1 2 1 1 -1 1 0 0 1 0 7.9411
76 1 1 3 1 1 2 1 3 -1 1 1 0 0 1 14.3295
77 2 2 3 1 2 2 3 1 -1 1 1 0 0 1 5.8340
78 2 2 1 3 2 2 1 3 -1 1 1 0 0 1 16.3993
79 1 4 3 1 2 2 1 3 -1 1 0 0 0 1 8.2939
80 1 1 1 3 1 1 1 3 -1 1 0 0 0 1 10.4059
81 1 4 1 3 1 1 1 3 -1 1 0 0 0 1 9.6492
82 1 8 3 1 2 2 1 1 3 1 0 0 0 1 9.0656
83 1 1 2 2 1 2 2 2 -1 1 0 0 1 1 9.5550
84 1 1 1 1 1 2 1 1 -1 0 1 0 1 1 5.1984
85 3 7 2 2 1 2 1 2 -1 1 1 0 0 0 8.0552
86 1 4 3 1 1 1 1 2 -1 1 0 0 0 0 12.7653
87 3 6 3 1 1 2 1 3 -1 1 0 0 0 1 9.3283
88 2 9 1 1 1 2 1 1 -1 1 0 0 1 1 2.8434
89 1 6 1 1 1 2 1 1 -1 1 0 0 1 1 4.8155
90 3 7 1 1 2 2 1 -1 -1 1 0 0 1 1 2.8502
91 1 8 1 1 1 2 1 -1 -1 1 0 0 1 1 3.8012
92 2 2 3 1 1 1 3 1 -1 1 1 0 0 1 12.0381
93 3 1 3 1 1 1 1 3 -1 1 1 0 0 1 8.4868
94 1 1 3 1 1 1 2 3 -1 1 1 0 0 0 6.8575
95 3 6 3 1 1 1 1 3 -1 1 1 0 0 1 7.6570
96 2 5 1 1 2 2 1 -1 -1 1 0 0 1 1 3.6926
97 1 4 1 1 1 2 1 -1 -1 1 0 0 1 1 2.4115
98 1 8 3 1 1 1 1 3 -1 1 0 0 0 1 6.5219
99 3 5 1 3 1 2 1 3 -1 1 0 0 0 1 9.1574
100 3 6 2 2 1 2 2 2 -1 1 0 0 1 1 5.1705
101 2 5 1 1 1 2 1 1 -1 1 0 0 1 1 6.4827
102 2 9 3 1 2 2 3 1 -1 1 1 0 0 1 14.4719
103 3 5 1 3 1 1 1 3 -1 1 1 0 0 1 4.6290
104 3 5 3 3 1 2 3 3 -1 1 0 0 1 1 3.8999
105 3 5 3 1 1 1 1 2 -1 1 0 0 0 0 6.5773
106 1 8 3 3 1 2 3 3 -1 1 0 0 1 1 9.6503
107 1 6 1 3 1 2 1 3 -1 1 1 0 0 1 7.1224
108 3 5 2 2 1 2 2 2 -1 1 0 0 1 1 7.0364
109 1 8 1 3 1 2 1 3 -1 1 0 0 0 1 6.7050
110 2 2 2 2 1 2 2 2 -1 1 0 0 1 1 5.6784
