Ear: B
Audiogram left  : NA
Audiogram right : NA
# Keys:
# Consonant_ID  : d=1 g=2 l=3 f=4 th=5 jh=6 p=7 sh=8 t=9 
# Vowel_ID      : IH=1 EH=2 AE=3 
# F0_ID         : high_f0=1 low_f0=2 
# Columns       : Trial Con1 Con2 V1 V2 F01 F02 Ans1V Ans2V Ans3V Ans1C Ans2C Ans3C OneType BothOK RT
1 1 4 3 1 1 2 1 -1 -1 1 0 0 1 0 6.6542
2 3 7 3 1 2 2 1 -1 -1 1 0 0 1 0 5.7270
3 2 9 1 3 2 2 3 -1 -1 1 0 0 1 0 2.6667
4 2 9 2 2 1 2 2 -1 -1 1 0 0 1 1 1.0609
5 1 8 1 3 2 2 3 -1 -1 1 0 0 1 0 1.4202
6 3 6 3 3 1 2 3 -1 -1 1 0 0 1 1 3.2298
7 1 1 1 3 2 2 3 -1 -1 1 0 0 1 0 4.0112
8 2 9 1 3 1 2 3 -1 -1 1 0 0 1 0 2.3810
9 1 6 3 3 1 2 3 -1 -1 1 0 0 1 1 1.5559
10 1 8 3 3 2 2 3 -1 -1 1 0 0 1 1 3.1803
11 3 1 2 2 1 2 2 -1 -1 1 0 0 1 1 1.4017
12 1 6 3 1 2 2 1 -1 -1 1 0 0 1 0 2.4376
13 2 5 3 1 1 1 1 -1 -1 1 0 0 1 0 2.1758
14 1 1 3 3 1 2 3 -1 -1 1 0 0 1 1 1.2008
15 3 5 3 1 2 2 1 -1 -1 1 0 0 1 0 0.9496
16 3 1 3 1 1 2 1 -1 -1 1 0 0 1 0 0.6282
17 2 2 1 3 1 1 3 -1 -1 1 0 0 1 0 0.8827
18 3 7 3 1 1 2 1 -1 -1 1 0 0 1 0 0.5397
19 3 1 1 1 1 2 1 -1 -1 1 0 0 1 1 1.3246
20 3 6 1 3 1 1 3 -1 -1 1 0 0 1 0 1.2049
21 1 4 2 2 1 2 2 -1 -1 1 0 0 1 1 0.8658
22 3 1 1 3 1 1 3 -1 -1 1 0 0 1 0 0.7865
23 2 5 1 3 1 2 3 -1 -1 1 0 0 1 0 0.7516
24 2 5 3 1 2 2 1 -1 -1 1 0 0 1 0 0.6079
25 1 4 1 1 2 2 1 -1 -1 1 0 0 1 1 0.6028
26 2 5 1 3 1 1 2 -1 -1 1 0 0 1 0 1.7001
27 1 4 3 3 1 2 3 -1 -1 1 0 0 1 1 0.8562
28 1 6 1 1 2 2 1 -1 -1 1 0 0 1 1 0.5622
29 3 1 1 3 1 2 3 -1 -1 1 0 0 1 0 0.6755
30 1 4 1 3 2 2 3 -1 -1 1 0 0 1 0 0.9900
31 1 8 3 1 1 2 1 -1 -1 1 0 0 1 0 0.6642
32 2 9 1 3 1 1 3 -1 -1 1 0 0 1 0 0.7970
33 2 9 3 3 1 2 3 -1 -1 1 0 0 1 1 0.5705
34 2 9 3 1 1 2 1 -1 -1 1 0 0 1 0 0.5314
35 3 5 1 1 1 2 1 -1 -1 1 0 0 1 1 0.2678
36 3 7 1 3 1 2 3 -1 -1 1 0 0 1 0 0.3845
37 2 5 1 3 2 2 3 -1 -1 1 0 0 1 0 4.9815
38 2 5 2 2 1 2 2 -1 -1 1 0 0 1 1 0.9673
39 3 6 2 2 2 2 2 -1 -1 1 0 0 1 1 0.7175
40 3 1 1 3 2 2 3 -1 -1 1 0 0 1 0 0.8107
41 3 5 3 1 1 2 1 -1 -1 1 0 0 1 0 0.5206
42 3 7 1 1 1 2 1 -1 -1 1 0 0 1 1 0.5123
43 2 5 3 3 1 2 3 -1 -1 1 0 0 1 1 0.7827
44 2 2 3 1 1 2 1 -1 -1 1 0 0 1 0 1.1661
45 1 1 3 1 2 2 1 -1 -1 1 0 0 1 0 5.0199
46 3 7 1 3 2 2 3 -1 -1 1 0 0 1 0 0.5840
47 1 1 2 2 2 2 2 -1 -1 1 0 0 1 1 0.7444
48 3 1 3 3 1 2 3 -1 -1 1 0 0 1 1 0.7190
49 1 4 1 3 1 2 3 -1 -1 1 0 0 1 0 0.8251
50 2 2 3 3 1 2 3 -1 -1 1 0 0 1 1 2.9078
51 1 6 2 2 1 2 2 -1 -1 1 0 0 1 1 0.9262
52 1 8 2 2 1 2 2 -1 -1 1 0 0 1 1 0.3068
53 3 7 1 3 1 1 3 -1 -1 1 0 0 1 0 0.4426
54 2 5 1 1 1 1 1 -1 -1 1 0 0 1 1 0.7431
55 3 6 1 1 1 2 1 -1 -1 1 0 0 1 1 0.6429
56 2 2 1 1 1 2 1 -1 -1 1 0 0 1 1 0.8286
57 3 6 1 3 2 2 3 -1 -1 1 0 0 1 0 0.6593
58 1 6 3 1 1 1 1 -1 -1 1 0 0 1 0 0.4202
59 3 5 1 3 2 2 3 -1 -1 1 0 0 1 0 0.5397
60 3 6 3 1 2 2 1 -1 -1 1 0 0 1 0 0.5614
61 2 5 2 2 2 2 2 -1 -1 1 0 0 1 1 0.6379
62 1 1 1 3 1 2 3 -1 -1 1 0 0 1 0 0.8448
63 3 7 3 1 1 1 1 -1 -1 1 0 0 1 0 0.5229
64 3 7 2 2 2 2 3 -1 -1 1 0 0 1 0 0.9607
65 1 6 1 3 2 2 3 -1 -1 1 0 0 1 0 1.3340
66 2 2 1 3 1 2 3 -1 -1 1 0 0 1 0 0.8626
67 1 6 3 1 1 2 1 -1 -1 1 0 0 1 0 0.6021
68 1 6 1 3 1 1 3 -1 -1 1 0 0 1 0 0.6274
69 3 6 1 3 1 2 3 -1 -1 1 0 0 1 0 0.5845
70 2 9 3 1 1 1 1 -1 -1 1 0 0 1 0 1.5313
71 1 8 1 3 1 1 3 -1 -1 1 0 0 1 0 1.2785
72 1 6 2 2 1 1 2 -1 -1 1 0 0 1 1 1.3955
73 3 1 3 1 2 2 1 -1 -1 1 0 0 1 0 0.7716
74 3 7 3 3 1 2 3 -1 -1 1 0 0 1 1 0.6635
75 2 5 3 1 1 2 1 -1 -1 1 0 0 1 0 3.9403
76 1 1 3 1 1 2 1 -1 -1 1 0 0 1 0 0.6370
77 2 2 3 1 2 2 1 -1 -1 1 0 0 1 0 1.0293
78 2 2 1 3 2 2 3 -1 -1 1 0 0 1 0 0.7946
79 1 4 3 1 2 2 1 -1 -1 1 0 0 1 0 0.4621
80 1 1 1 3 1 1 3 -1 -1 1 0 0 1 0 0.5209
81 1 4 1 3 1 1 3 -1 -1 1 0 0 1 0 1.2783
82 1 8 3 1 2 2 1 -1 -1 1 0 0 1 0 4.9134
83 1 1 2 2 1 2 2 -1 -1 1 0 0 1 1 0.6151
84 1 1 1 1 1 2 1 -1 -1 1 0 0 1 1 3.6056
85 3 7 2 2 1 2 2 -1 -1 1 0 0 1 1 4.3091
86 1 4 3 1 1 1 1 -1 -1 1 0 0 1 0 0.5097
87 3 6 3 1 1 2 1 -1 -1 1 0 0 1 0 0.5284
88 2 9 1 1 1 2 1 -1 -1 1 0 0 1 1 1.4024
89 1 6 1 1 1 2 1 -1 -1 1 0 0 1 1 0.6543
90 3 7 1 1 2 2 1 -1 -1 1 0 0 1 1 0.4592
91 1 8 1 1 1 2 1 -1 -1 1 0 0 1 1 0.7867
92 2 2 3 1 1 1 1 -1 -1 1 0 0 1 0 1.2313
93 3 1 3 1 1 1 1 -1 -1 1 0 0 1 0 0.6410
94 1 1 3 1 1 1 1 -1 -1 1 0 0 1 0 0.6254
95 3 6 3 1 1 1 1 -1 -1 1 0 0 1 0 0.9025
96 2 5 1 1 2 2 1 -1 -1 1 0 0 1 1 1.0117
97 1 4 1 1 1 2 1 -1 -1 1 0 0 1 1 0.6630
98 1 8 3 1 1 1 1 -1 -1 1 0 0 1 0 0.6241
99 3 5 1 3 1 2 3 -1 -1 1 0 0 1 0 0.5686
100 3 6 2 2 1 2 2 -1 -1 1 0 0 1 1 0.6117
101 2 5 1 1 1 2 1 -1 -1 1 0 0 1 1 0.5210
102 2 9 3 1 2 2 1 -1 -1 1 0 0 1 0 0.4994
103 3 5 1 3 1 1 3 -1 -1 1 0 0 1 0 16.3489
104 3 5 3 3 1 2 3 -1 -1 1 0 0 1 1 1.2955
105 3 5 3 1 1 1 1 -1 -1 1 0 0 1 0 0.6941
106 1 8 3 3 1 2 3 -1 -1 1 0 0 1 1 6.7609
107 1 6 1 3 1 2 3 -1 -1 1 0 0 1 0 1.0856
108 3 5 2 2 1 2 2 -1 -1 1 0 0 1 1 0.5230
109 1 8 1 3 1 2 3 -1 -1 1 0 0 1 0 0.3904
110 2 2 2 2 1 2 2 -1 -1 1 0 0 1 1 2.7791
