Ear: R
Audiogram left  : NA
Audiogram right : NA
# Keys:
# Consonant_ID  : d=1 g=2 l=3 f=4 th=5 jh=6 p=7 sh=8 t=9 
# Vowel_ID      : IH=1 EH=2 AE=3 
# F0_ID         : high_f0=1 low_f0=2 # Columns       : Trial Consonant_1_ID Consonant_2_ID Vowel_ID F0_ID Heard_Consonant Answer_vowel Correct Time_elapsed
1 2 5 3 2 1 3 1 0.0103
2 1 1 3 1 1 3 1 0.2665
3 1 8 1 2 1 2 0 0.3872
4 3 1 2 1 1 2 1 2.3841
5 1 6 2 2 1 2 1 1.1658
6 3 6 3 2 1 3 1 0.6953
7 1 8 2 1 1 2 1 0.7171
8 3 1 3 2 1 3 1 0.1452
9 1 4 2 2 1 2 1 0.2256
10 1 4 1 2 1 1 1 0.6045
11 2 9 3 1 1 3 1 0.6634
12 2 9 1 2 1 1 1 2.3159
13 1 4 2 1 1 2 1 0.7455
14 2 9 3 2 1 3 1 0.6939
15 1 1 3 2 1 3 1 0.7487
16 2 9 2 2 1 2 1 0.7899
17 2 2 2 1 1 2 1 2.8445
18 2 9 1 1 1 1 1 0.4026
19 1 8 2 2 1 2 1 0.7138
20 3 7 1 2 1 1 1 0.9440
21 3 5 3 2 1 3 1 0.3084
22 1 6 3 1 1 3 1 0.6450
23 1 1 2 1 1 2 1 0.6254
24 2 9 2 1 1 2 1 0.6268
25 2 5 3 1 1 3 1 0.9807
26 3 1 3 1 1 3 1 0.6781
27 1 4 1 1 1 1 1 0.4755
28 2 2 3 2 1 3 1 0.2894
29 3 7 2 1 1 2 1 0.6465
30 3 7 2 2 1 2 1 4.5173
31 1 1 1 1 1 2 0 0.8581
32 3 6 1 2 1 1 1 0.7368
33 1 6 3 2 1 3 1 0.6123
34 3 5 2 2 1 2 1 0.5513
35 3 5 1 2 1 1 1 0.5419
36 3 6 2 2 1 2 1 0.9134
37 3 5 2 1 1 2 1 0.7560
38 3 6 1 1 1 1 1 0.4933
39 3 6 2 1 1 2 1 0.8999
40 3 5 1 1 1 1 1 0.0102
41 3 6 3 1 1 3 1 0.5512
42 1 4 3 1 1 3 1 0.2471
43 3 7 3 1 1 3 1 0.9810
44 3 7 1 1 1 1 1 0.0938
45 2 2 3 1 1 3 1 0.4403
46 3 1 1 2 1 1 1 0.2661
47 1 8 1 1 1 1 1 0.4831
48 3 5 3 1 1 3 1 0.5838
49 1 1 1 2 1 2 0 2.2094
50 2 2 2 2 1 2 1 0.3476
51 1 6 1 1 1 1 1 0.4831
52 3 1 2 2 1 2 1 0.5333
53 1 1 2 2 1 2 1 0.6440
54 2 2 1 1 1 1 1 0.1444
55 1 6 1 2 1 1 1 0.1538
56 3 1 1 1 1 1 1 0.0730
57 1 8 3 1 1 3 1 0.3294
58 1 6 2 1 1 2 1 0.5301
59 3 7 3 2 1 3 1 0.0618
60 2 5 2 1 1 2 1 0.1348
61 1 4 3 2 1 3 1 0.3482
62 2 5 2 2 1 2 1 0.6582
63 2 5 1 2 1 1 1 0.4685
64 2 5 1 1 1 1 1 0.6985
65 1 8 3 2 1 3 1 0.3676
66 2 2 1 2 1 1 1 0.0917
