Ear: B
Audiogram left  : NA
Audiogram right : NA
# Keys:
# Consonant_ID  : d=1 g=2 l=3 f=4 th=5 jh=6 p=7 sh=8 t=9 
# Vowel_ID      : IH=1 EH=2 AE=3 
# F0_ID         : high_f0=1 low_f0=2 
# Columns       : Trial Con1 Con2 V1 V2 F01 F02 Ans1V Ans2V Ans3V Ans1C Ans2C Ans3C OneType BothOK RT
1 1 4 3 1 1 2 3 1 -1 1 1 0 0 1 10.8463
2 3 7 3 1 2 2 1 3 -1 1 1 0 0 1 3.1284
3 2 9 1 3 2 2 1 3 -1 1 1 0 0 1 3.9887
4 2 9 2 2 1 2 2 2 -1 1 0 0 1 1 2.6737
5 1 8 1 3 2 2 1 3 -1 1 0 0 0 1 4.7909
6 3 6 3 3 1 2 3 3 -1 1 0 0 1 1 3.7459
7 1 1 1 3 2 2 2 3 1 1 0 1 0 0 16.2911
8 2 9 1 3 1 2 1 3 -1 1 1 0 0 1 5.4898
9 1 6 3 3 1 2 3 3 -1 1 0 0 1 1 9.1229
10 1 8 3 3 2 2 3 -1 -1 1 0 0 1 1 3.5828
11 3 1 2 2 1 2 2 2 -1 1 0 0 1 1 3.6035
12 1 6 3 1 2 2 1 2 1 1 1 0 0 0 18.7645
13 2 5 3 1 1 1 1 2 -1 1 1 0 0 0 11.7193
14 1 1 3 3 1 2 3 3 -1 1 0 0 1 1 6.5913
15 3 5 3 1 2 2 1 3 -1 1 0 0 0 1 6.4104
16 3 1 3 1 1 2 2 2 1 1 0 1 0 0 10.4740
17 2 2 1 3 1 1 2 3 -1 1 1 0 0 0 9.6341
18 3 7 3 1 1 2 1 3 -1 1 1 0 0 1 1.8429
19 3 1 1 1 1 2 1 1 -1 1 0 0 1 1 3.3688
20 3 6 1 3 1 1 1 3 -1 1 0 0 0 1 9.4839
21 1 4 2 2 1 2 2 -1 -1 1 0 0 1 1 4.5754
22 3 1 1 3 1 1 3 1 -1 1 1 0 0 1 7.1987
23 2 5 1 3 1 2 1 3 -1 1 1 0 0 1 4.9963
24 2 5 3 1 2 2 1 1 -1 1 0 0 1 0 4.7760
25 1 4 1 1 2 2 1 -1 -1 1 0 0 1 1 2.6906
26 2 5 1 3 1 1 2 3 -1 1 1 0 0 0 7.4100
27 1 4 3 3 1 2 3 3 -1 1 0 0 1 1 8.1379
28 1 6 1 1 2 2 1 -1 -1 1 0 0 1 1 3.4362
29 3 1 1 3 1 2 2 3 -1 1 1 0 0 0 9.2665
30 1 4 1 3 2 2 1 3 -1 1 1 0 0 1 3.9588
31 1 8 3 1 1 2 1 3 -1 1 0 0 0 1 11.6053
32 2 9 1 3 1 1 3 1 -1 1 1 0 0 1 4.7587
33 2 9 3 3 1 2 3 3 -1 1 0 0 1 1 3.3821
34 2 9 3 1 1 2 1 3 -1 1 1 0 0 1 7.5265
35 3 5 1 1 1 2 1 1 -1 1 0 0 1 1 5.0412
36 3 7 1 3 1 2 1 3 -1 1 1 0 0 1 3.2642
37 2 5 1 3 2 2 1 3 -1 1 1 0 0 1 4.4285
38 2 5 2 2 1 2 2 2 -1 1 0 0 1 1 2.9868
39 3 6 2 2 2 2 2 -1 -1 1 0 0 1 1 5.8843
40 3 1 1 3 2 2 1 3 -1 1 1 0 0 1 9.7694
41 3 5 3 1 1 2 1 2 -1 1 1 0 0 0 3.9484
42 3 7 1 1 1 2 1 1 -1 1 0 0 1 1 3.9177
43 2 5 3 3 1 2 3 3 -1 1 0 0 1 1 10.9795
44 2 2 3 1 1 2 3 1 -1 1 1 0 0 1 4.2631
45 1 1 3 1 2 2 1 2 -1 1 1 0 0 0 4.6176
46 3 7 1 3 2 2 1 3 -1 1 1 0 0 1 2.9683
47 1 1 2 2 2 2 2 2 -1 1 0 0 1 1 11.8816
48 3 1 3 3 1 2 3 3 -1 1 0 0 1 1 4.0118
49 1 4 1 3 1 2 1 -1 -1 1 0 0 1 0 15.4732
50 2 2 3 3 1 2 3 -1 -1 1 0 0 1 1 5.3976
51 1 6 2 2 1 2 2 2 -1 1 0 0 1 1 2.7933
52 1 8 2 2 1 2 2 -1 -1 1 0 0 1 1 3.8326
53 3 7 1 3 1 1 3 1 -1 1 1 0 0 1 3.5414
54 2 5 1 1 1 1 1 -1 -1 1 0 0 1 1 2.9282
55 3 6 1 1 1 2 1 1 -1 1 0 0 1 1 3.9388
56 2 2 1 1 1 2 1 1 -1 1 0 0 1 1 2.4140
57 3 6 1 3 2 2 1 3 -1 1 0 0 0 1 7.3812
58 1 6 3 1 1 1 1 3 -1 1 0 0 0 1 12.0826
59 3 5 1 3 2 2 1 3 -1 1 0 0 0 1 9.9956
60 3 6 3 1 2 2 1 3 -1 1 0 0 0 1 17.5506
61 2 5 2 2 2 2 2 -1 -1 1 0 0 1 1 7.4147
62 1 1 1 3 1 2 2 3 -1 1 1 0 0 0 2.9997
63 3 7 3 1 1 1 1 1 3 1 0 1 0 1 12.8970
64 3 7 2 2 2 2 2 -1 -1 1 0 0 1 1 3.4744
65 1 6 1 3 2 2 2 3 -1 1 0 0 0 0 4.0408
66 2 2 1 3 1 2 1 3 -1 1 1 0 0 1 5.4098
67 1 6 3 1 1 2 1 2 -1 1 0 0 0 0 11.6242
68 1 6 1 3 1 1 2 3 -1 1 0 0 0 0 7.9485
69 3 6 1 3 1 2 1 3 -1 1 0 0 0 1 12.1955
70 2 9 3 1 1 1 1 3 -1 1 1 0 0 1 13.3657
71 1 8 1 3 1 1 1 3 -1 1 0 0 0 1 5.7157
72 1 6 2 2 1 1 2 -1 -1 1 0 0 1 1 3.4890
73 3 1 3 1 2 2 1 3 -1 1 0 0 0 1 3.9856
74 3 7 3 3 1 2 3 3 -1 1 0 0 1 1 4.9490
75 2 5 3 1 1 2 1 1 -1 1 0 0 1 0 3.3140
76 1 1 3 1 1 2 1 3 -1 1 0 0 0 1 7.5459
77 2 2 3 1 2 2 2 1 -1 0 1 0 0 0 11.0083
78 2 2 1 3 2 2 1 3 1 1 0 0 0 1 12.5128
79 1 4 3 1 2 2 1 3 -1 1 0 0 0 1 12.0485
80 1 1 1 3 1 1 1 3 -1 1 1 0 0 1 5.9671
81 1 4 1 3 1 1 1 3 -1 1 1 0 0 1 6.5681
82 1 8 3 1 2 2 1 3 3 1 0 1 0 1 11.4972
83 1 1 2 2 1 2 2 2 -1 1 0 0 1 1 3.5687
84 1 1 1 1 1 2 1 1 -1 1 0 0 1 1 2.5707
85 3 7 2 2 1 2 2 2 -1 1 0 0 1 1 3.0745
86 1 4 3 1 1 1 1 3 -1 1 0 0 0 1 8.5320
87 3 6 3 1 1 2 1 3 1 1 1 0 0 1 14.2096
88 2 9 1 1 1 2 1 1 -1 1 0 0 1 1 3.9616
89 1 6 1 1 1 2 1 1 -1 1 0 0 1 1 2.6780
90 3 7 1 1 2 2 1 -1 -1 1 0 0 1 1 3.1410
91 1 8 1 1 1 2 1 -1 -1 1 0 0 1 1 2.5221
92 2 2 3 1 1 1 3 1 -1 1 1 0 0 1 13.4996
93 3 1 3 1 1 1 2 3 -1 1 1 0 0 0 15.9640
94 1 1 3 1 1 1 2 3 -1 1 0 0 0 0 10.0430
95 3 6 3 1 1 1 2 3 -1 1 0 0 0 0 4.9639
96 2 5 1 1 2 2 1 -1 -1 1 0 0 1 1 2.4689
97 1 4 1 1 1 2 1 -1 -1 1 0 0 1 1 2.5776
98 1 8 3 1 1 1 3 1 -1 0 1 0 0 1 20.3025
99 3 5 1 3 1 2 1 3 -1 1 1 0 0 1 6.6405
100 3 6 2 2 1 2 2 -1 -1 1 0 0 1 1 5.9076
101 2 5 1 1 1 2 1 1 -1 1 0 0 1 1 3.2517
102 2 9 3 1 2 2 3 1 -1 1 1 0 0 1 2.7037
103 3 5 1 3 1 1 1 3 -1 1 1 0 0 1 8.8375
104 3 5 3 3 1 2 3 3 -1 1 0 0 1 1 3.0977
105 3 5 3 1 1 1 2 1 -1 1 1 0 0 0 17.6292
106 1 8 3 3 1 2 3 3 -1 1 0 0 1 1 5.2838
107 1 6 1 3 1 2 1 3 -1 1 1 0 0 1 5.0905
108 3 5 2 2 1 2 2 2 -1 1 0 0 1 1 7.7673
109 1 8 1 3 1 2 1 3 -1 1 0 0 0 1 8.9379
110 2 2 2 2 1 2 2 2 -1 1 0 0 1 1 3.6142
