Ear: B
Audiogram left  : NA
Audiogram right : NA
# Keys:
# Consonant_ID  : d=1 g=2 l=3 f=4 th=5 jh=6 p=7 sh=8 t=9 
# Vowel_ID      : IH=1 EH=2 AE=3 
# F0_ID         : high_f0=1 low_f0=2 
# Columns       : Trial Con1 Con2 V1 V2 F01 F02 Ans1V Ans2V Ans3V Ans1C Ans2C Ans3C OneType BothOK RT
1 1 4 3 1 1 2 1 2 -1 1 1 0 0 0 15.4671
2 3 7 3 1 2 2 3 1 -1 1 1 0 0 1 9.9137
3 2 9 1 3 2 2 3 1 -1 1 1 0 0 1 6.1797
4 2 9 2 2 1 2 2 2 -1 1 0 0 1 1 10.6515
5 1 8 1 3 2 2 1 3 -1 1 0 0 0 1 10.0184
6 3 6 3 3 1 2 3 3 -1 1 0 0 1 1 15.8230
7 1 1 1 3 2 2 2 3 -1 1 0 0 0 0 8.8457
8 2 9 1 3 1 2 1 3 -1 1 1 0 0 1 11.3397
9 1 6 3 3 1 2 3 1 -1 1 1 0 0 0 4.9519
10 1 8 3 3 2 2 3 -1 -1 1 0 0 1 1 2.9578
11 3 1 2 2 1 2 2 2 -1 1 0 0 1 1 10.6416
12 1 6 3 1 2 2 1 1 -1 1 0 0 1 0 7.7079
13 2 5 3 1 1 1 1 1 -1 1 0 0 1 0 8.0597
14 1 1 3 3 1 2 3 3 -1 1 0 0 1 1 10.2493
15 3 5 3 1 2 2 1 3 -1 1 0 0 0 1 15.0610
16 3 1 3 1 1 2 2 1 -1 1 1 0 0 0 12.1148
17 2 2 1 3 1 1 3 1 -1 1 1 0 0 1 7.6713
18 3 7 3 1 1 2 1 3 -1 1 1 0 0 1 4.9565
19 3 1 1 1 1 2 1 1 -1 1 0 0 1 1 6.2279
20 3 6 1 3 1 1 1 3 -1 1 0 0 0 1 12.7612
21 1 4 2 2 1 2 2 -1 -1 1 0 0 1 1 6.1676
22 3 1 1 3 1 1 3 1 -1 1 1 0 0 1 11.4678
23 2 5 1 3 1 2 1 3 -1 1 0 0 0 1 15.4758
24 2 5 3 1 2 2 1 1 -1 1 0 0 1 0 4.2972
25 1 4 1 1 2 2 1 -1 -1 1 0 0 1 1 2.9465
26 2 5 1 3 1 1 1 3 -1 1 1 0 0 1 11.3593
27 1 4 3 3 1 2 3 3 -1 1 0 0 1 1 9.9887
28 1 6 1 1 2 2 1 -1 -1 1 0 0 1 1 6.4406
29 3 1 1 3 1 2 1 3 -1 1 1 0 0 1 14.0171
30 1 4 1 3 2 2 1 3 -1 1 0 0 0 1 11.0959
31 1 8 3 1 1 2 1 3 -1 1 0 0 0 1 9.9990
32 2 9 1 3 1 1 1 3 2 1 0 1 0 0 14.6532
33 2 9 3 3 1 2 3 3 -1 1 0 0 1 1 10.8229
34 2 9 3 1 1 2 1 3 -1 1 0 0 0 1 10.9515
35 3 5 1 1 1 2 1 1 -1 1 0 0 1 1 4.4548
36 3 7 1 3 1 2 3 1 -1 1 1 0 0 1 12.0570
37 2 5 1 3 2 2 1 3 -1 1 1 0 0 1 10.2882
38 2 5 2 2 1 2 2 2 -1 1 0 0 1 1 5.7187
39 3 6 2 2 2 2 2 -1 -1 1 0 0 1 1 2.8032
40 3 1 1 3 2 2 2 3 1 1 1 1 0 0 12.8240
41 3 5 3 1 1 2 1 3 -1 1 1 0 0 1 4.8643
42 3 7 1 1 1 2 1 1 -1 1 0 0 1 1 4.1524
43 2 5 3 3 1 2 3 3 -1 1 0 0 1 1 5.2763
44 2 2 3 1 1 2 1 3 -1 1 1 0 0 1 4.5871
45 1 1 3 1 2 2 2 1 -1 1 1 0 0 0 5.2213
46 3 7 1 3 2 2 1 3 -1 1 1 0 0 1 13.8836
47 1 1 2 2 2 2 2 2 -1 1 0 0 1 1 9.7150
48 3 1 3 3 1 2 3 3 -1 1 0 0 1 1 3.8302
49 1 4 1 3 1 2 1 3 -1 1 0 0 0 1 12.3336
50 2 2 3 3 1 2 3 3 -1 1 0 0 1 1 13.1758
51 1 6 2 2 1 2 2 2 -1 1 0 0 1 1 6.8334
52 1 8 2 2 1 2 2 -1 -1 1 0 0 1 1 5.2002
53 3 7 1 3 1 1 3 1 -1 1 1 0 0 1 12.8677
54 2 5 1 1 1 1 1 -1 -1 1 0 0 1 1 2.6529
55 3 6 1 1 1 2 1 1 -1 1 0 0 1 1 11.2529
56 2 2 1 1 1 2 1 1 -1 1 0 0 1 1 9.2806
57 3 6 1 3 2 2 3 1 -1 0 1 0 0 1 12.4179
58 1 6 3 1 1 1 1 3 -1 1 0 0 0 1 14.7184
59 3 5 1 3 2 2 1 3 -1 1 0 0 0 1 13.1198
60 3 6 3 1 2 2 3 1 -1 0 1 0 0 1 13.5991
61 2 5 2 2 2 2 2 -1 -1 1 0 0 1 1 4.8446
62 1 1 1 3 1 2 2 3 -1 1 1 0 0 0 9.1360
63 3 7 3 1 1 1 1 3 -1 1 0 0 0 1 24.2292
64 3 7 2 2 2 2 2 -1 -1 1 0 0 1 1 5.0496
65 1 6 1 3 2 2 2 3 1 1 0 1 0 0 19.2513
66 2 2 1 3 1 2 2 3 -1 1 1 0 0 0 20.1395
67 1 6 3 1 1 2 1 2 3 1 1 0 0 0 17.7768
68 1 6 1 3 1 1 3 1 -1 0 1 0 0 1 11.1833
69 3 6 1 3 1 2 1 3 -1 1 0 0 0 1 5.1324
70 2 9 3 1 1 1 1 3 3 1 0 1 0 1 11.5256
71 1 8 1 3 1 1 1 3 -1 1 0 0 0 1 18.1364
72 1 6 2 2 1 1 2 -1 -1 1 0 0 1 1 5.0085
73 3 1 3 1 2 2 1 3 -1 1 0 0 0 1 7.3104
74 3 7 3 3 1 2 3 3 -1 1 0 0 1 1 4.0434
75 2 5 3 1 1 2 1 3 1 1 0 0 0 1 17.1334
76 1 1 3 1 1 2 1 1 3 0 1 0 0 1 15.9738
77 2 2 3 1 2 2 1 3 3 1 0 1 0 1 21.8786
78 2 2 1 3 2 2 1 3 -1 1 1 0 0 1 10.3909
79 1 4 3 1 2 2 1 3 -1 1 1 0 0 1 5.0098
80 1 1 1 3 1 1 3 1 -1 1 1 0 0 1 3.3997
81 1 4 1 3 1 1 1 3 -1 1 0 0 0 1 9.0151
82 1 8 3 1 2 2 1 3 -1 1 0 0 0 1 8.7038
83 1 1 2 2 1 2 2 2 -1 1 0 0 1 1 8.3392
84 1 1 1 1 1 2 1 1 -1 1 0 0 1 1 6.8264
85 3 7 2 2 1 2 2 2 -1 1 0 0 1 1 3.6343
86 1 4 3 1 1 1 1 3 -1 1 1 0 0 1 12.8351
87 3 6 3 1 1 2 1 3 -1 1 0 0 0 1 8.6357
88 2 9 1 1 1 2 1 1 -1 1 0 0 1 1 10.1288
89 1 6 1 1 1 2 1 1 -1 1 0 0 1 1 3.6810
90 3 7 1 1 2 2 1 -1 -1 1 0 0 1 1 4.4922
91 1 8 1 1 1 2 1 -1 -1 1 0 0 1 1 1.4166
92 2 2 3 1 1 1 1 3 -1 1 1 0 0 1 1.6796
93 3 1 3 1 1 1 1 3 -1 1 1 0 0 1 11.9903
94 1 1 3 1 1 1 1 3 -1 1 0 0 0 1 11.3474
95 3 6 3 1 1 1 1 3 -1 1 0 0 0 1 10.6336
96 2 5 1 1 2 2 1 -1 -1 1 0 0 1 1 7.4160
97 1 4 1 1 1 2 1 -1 -1 1 0 0 1 1 4.6300
98 1 8 3 1 1 1 1 3 -1 1 0 0 0 1 11.2227
99 3 5 1 3 1 2 3 1 -1 1 1 0 0 1 5.7530
100 3 6 2 2 1 2 2 2 -1 1 0 0 1 1 8.1237
101 2 5 1 1 1 2 1 1 -1 1 0 0 1 1 3.5631
102 2 9 3 1 2 2 1 3 -1 1 1 0 0 1 5.6922
103 3 5 1 3 1 1 3 1 -1 1 1 0 0 1 9.7341
104 3 5 3 3 1 2 3 3 -1 1 0 0 1 1 8.5480
105 3 5 3 1 1 1 1 2 -1 1 0 0 0 0 8.8953
106 1 8 3 3 1 2 3 1 3 1 1 0 0 0 15.4685
107 1 6 1 3 1 2 1 3 -1 1 1 0 0 1 12.0336
108 3 5 2 2 1 2 2 2 -1 1 0 0 1 1 4.2661
109 1 8 1 3 1 2 1 3 -1 1 0 0 0 1 7.3481
110 2 2 2 2 1 2 2 2 -1 1 0 0 1 1 4.1658
