Ear: R
Audiogram left  : NA
Audiogram right : NA
# Keys:
# Consonant_ID  : d=1 g=2 l=3 f=4 th=5 jh=6 p=7 sh=8 t=9 
# Vowel_ID      : IH=1 EH=2 AE=3 
# F0_ID         : high_f0=1 low_f0=2 # Columns       : Trial Consonant_1_ID Consonant_2_ID Vowel_ID F0_ID Heard_Consonant Answer_vowel Correct Time_elapsed
1 3 1 1 2 1 1 1 0.2594
2 3 5 3 1 1 3 1 0.9377
3 3 7 3 1 1 3 1 0.6971
4 2 2 2 1 1 3 0 2.1809
5 2 9 3 1 1 3 1 0.6950
6 3 6 1 1 1 2 0 2.6069
7 2 9 2 2 1 2 1 0.3583
8 2 5 1 1 1 1 1 0.0103
9 2 5 3 1 1 3 1 0.1020
10 1 6 1 1 1 1 1 0.0101
11 2 2 2 2 1 2 1 0.9890
12 3 5 2 2 1 2 1 0.1765
13 1 6 3 1 1 3 1 0.4019
14 2 5 2 1 1 2 1 1.2758
15 3 1 2 2 1 2 1 0.7929
16 2 5 3 2 1 3 1 0.6557
17 1 1 3 2 1 3 1 1.0524
18 1 8 3 2 1 3 1 1.1363
19 1 4 2 1 1 2 1 1.1139
20 2 5 1 2 1 1 1 0.2161
21 3 5 2 1 1 2 1 1.4893
22 3 1 1 1 1 1 1 0.9785
23 1 8 3 1 1 3 1 0.5225
24 1 4 3 1 1 3 1 0.6687
25 3 6 3 2 1 3 1 0.6737
26 3 6 2 1 1 1 0 3.2712
27 3 5 1 2 1 1 1 0.0424
28 3 6 2 2 1 2 1 0.0314
29 2 9 1 1 1 1 1 0.8848
30 1 4 2 2 1 2 1 0.4230
31 2 2 1 2 1 1 1 0.2469
32 3 1 2 1 1 2 1 1.3665
33 1 4 1 1 1 1 1 0.7567
34 3 6 3 1 1 3 1 0.6033
35 1 1 2 2 1 2 1 0.7643
36 1 6 3 2 1 3 1 0.3494
37 3 7 1 2 1 1 1 0.9639
38 3 5 3 2 1 2 0 2.2014
39 3 7 2 2 1 2 1 0.3965
40 1 8 1 1 1 1 1 0.4850
41 1 1 1 2 1 1 1 2.9061
42 3 1 3 1 1 3 1 0.2789
43 1 1 2 1 1 2 1 0.5130
44 1 1 3 1 1 3 1 0.6955
45 1 4 3 2 1 3 1 0.5733
46 2 9 2 1 1 2 1 0.7807
47 2 9 1 2 1 1 1 0.8056
48 3 7 1 1 1 1 1 0.7377
49 1 8 2 1 1 2 1 0.5231
50 1 1 1 1 1 2 0 3.4009
51 2 5 2 2 1 3 0 3.7373
52 3 7 2 1 1 2 1 0.8483
53 1 6 2 2 1 2 1 2.8728
54 3 6 1 2 1 1 1 0.6035
55 1 6 1 2 1 1 1 1.9666
56 2 2 3 2 1 3 1 0.3270
57 1 8 1 2 1 1 1 0.6136
58 2 2 1 1 1 1 1 0.6740
59 3 1 3 2 1 3 1 0.7757
60 2 2 3 1 1 3 1 0.9709
61 3 7 3 2 1 3 1 0.7462
62 3 5 1 1 1 1 1 0.3484
63 1 8 2 2 1 2 1 0.8683
64 2 9 3 2 1 3 1 0.4582
65 1 6 2 1 1 2 1 0.7343
66 1 4 1 2 1 1 1 0.2677
