Ear: B
Audiogram left  : NA
Audiogram right : NA
# Keys:
# Consonant_ID  : d=1 g=2 l=3 f=4 th=5 jh=6 p=7 sh=8 t=9 
# Vowel_ID      : IH=1 EH=2 AE=3 
# F0_ID         : high_f0=1 low_f0=2 
# Columns       : Trial Con1 Con2 V1 V2 F01 F02 Ans1V Ans2V Ans3V Ans1C Ans2C Ans3C OneType BothOK RT
1 1 4 3 1 1 2 3 1 3 1 1 0 0 1 18.7831
2 3 7 3 1 2 2 1 3 -1 1 1 0 0 1 6.0999
3 2 9 1 3 2 2 1 3 -1 1 1 0 0 1 4.1680
4 2 9 2 2 1 2 2 2 -1 1 0 0 1 1 18.7363
5 1 8 1 3 2 2 1 3 -1 1 0 0 0 1 11.6588
6 3 6 3 3 1 2 3 1 -1 1 1 0 0 0 11.0809
7 1 1 1 3 2 2 3 1 2 1 1 1 0 0 22.9747
8 2 9 1 3 1 2 1 3 -1 1 1 0 0 1 12.7160
9 1 6 3 3 1 2 3 2 -1 1 1 0 0 0 9.0703
10 1 8 3 3 2 2 3 -1 -1 1 0 0 1 1 9.1207
11 3 1 2 2 1 2 2 2 -1 1 0 0 1 1 12.3507
12 1 6 3 1 2 2 1 1 2 1 0 0 0 0 17.1959
13 2 5 3 1 1 1 1 1 -1 1 0 0 1 0 13.6503
14 1 1 3 3 1 2 3 3 2 1 0 1 0 0 16.0224
15 3 5 3 1 2 2 1 3 -1 1 0 0 0 1 10.2186
16 3 1 3 1 1 2 1 2 -1 1 1 0 0 0 12.3771
17 2 2 1 3 1 1 1 3 -1 1 1 0 0 1 3.8836
18 3 7 3 1 1 2 1 3 -1 1 1 0 0 1 5.3184
19 3 1 1 1 1 2 1 1 -1 1 0 0 1 1 3.3969
20 3 6 1 3 1 1 1 3 -1 1 0 0 0 1 5.7024
21 1 4 2 2 1 2 2 -1 -1 1 0 0 1 1 4.6084
22 3 1 1 3 1 1 2 3 3 1 1 0 0 0 10.1089
23 2 5 1 3 1 2 2 3 -1 1 1 0 0 0 8.5966
24 2 5 3 1 2 2 1 3 -1 1 0 0 0 1 10.5102
25 1 4 1 1 2 2 1 -1 -1 1 0 0 1 1 3.6238
26 2 5 1 3 1 1 3 1 -1 1 1 0 0 1 4.3416
27 1 4 3 3 1 2 3 1 -1 1 1 0 0 0 3.7700
28 1 6 1 1 2 2 1 -1 -1 1 0 0 1 1 2.5239
29 3 1 1 3 1 2 1 3 -1 1 0 0 0 1 25.1228
30 1 4 1 3 2 2 1 3 -1 1 0 0 0 1 5.7117
31 1 8 3 1 1 2 1 1 -1 1 0 0 1 0 11.7096
32 2 9 1 3 1 1 3 1 -1 1 1 0 0 1 2.0611
33 2 9 3 3 1 2 3 1 -1 1 1 0 0 0 2.3227
34 2 9 3 1 1 2 1 3 -1 1 0 0 0 1 13.1733
35 3 5 1 1 1 2 1 1 -1 1 0 0 1 1 3.6360
36 3 7 1 3 1 2 3 1 -1 1 1 0 0 1 5.1395
37 2 5 1 3 2 2 1 3 -1 1 1 0 0 1 5.1490
38 2 5 2 2 1 2 2 3 -1 1 1 0 0 0 11.9979
39 3 6 2 2 2 2 2 -1 -1 1 0 0 1 1 2.2365
40 3 1 1 3 2 2 1 3 -1 1 1 0 0 1 15.1746
41 3 5 3 1 1 2 1 2 -1 1 1 0 0 0 5.1435
42 3 7 1 1 1 2 1 1 -1 1 0 0 1 1 4.4374
43 2 5 3 3 1 2 3 3 -1 1 0 0 1 1 5.5694
44 2 2 3 1 1 2 1 3 -1 1 1 0 0 1 3.6098
45 1 1 3 1 2 2 2 1 -1 1 1 0 0 0 5.5684
46 3 7 1 3 2 2 3 1 -1 1 1 0 0 1 4.7633
47 1 1 2 2 2 2 2 -1 -1 1 0 0 1 1 2.9108
48 3 1 3 3 1 2 3 3 -1 1 0 0 1 1 6.3646
49 1 4 1 3 1 2 1 3 -1 1 0 0 0 1 12.7758
50 2 2 3 3 1 2 3 3 -1 1 0 0 1 1 8.0059
51 1 6 2 2 1 2 2 2 -1 1 0 0 1 1 3.2169
52 1 8 2 2 1 2 2 -1 -1 1 0 0 1 1 9.5135
53 3 7 1 3 1 1 1 3 -1 1 1 0 0 1 3.9046
54 2 5 1 1 1 1 1 -1 -1 1 0 0 1 1 2.1576
55 3 6 1 1 1 2 1 1 -1 1 0 0 1 1 4.4958
56 2 2 1 1 1 2 1 1 -1 1 0 0 1 1 3.5320
57 3 6 1 3 2 2 3 1 3 0 1 1 0 1 11.8091
58 1 6 3 1 1 1 1 3 -1 1 0 0 0 1 12.6032
59 3 5 1 3 2 2 1 3 -1 1 0 0 0 1 12.3037
60 3 6 3 1 2 2 1 3 -1 1 0 0 0 1 13.2692
61 2 5 2 2 2 2 3 -1 -1 1 0 0 1 0 3.7495
62 1 1 1 3 1 2 3 2 -1 1 1 0 0 0 8.9677
63 3 7 3 1 1 1 1 3 -1 1 1 0 0 1 7.1982
64 3 7 2 2 2 2 2 -1 -1 1 0 0 1 1 2.6933
65 1 6 1 3 2 2 3 1 -1 1 1 0 0 1 12.1683
66 2 2 1 3 1 2 1 -1 -1 1 0 0 1 0 2.1817
67 1 6 3 1 1 2 1 1 -1 1 0 0 1 0 15.0260
68 1 6 1 3 1 1 1 3 -1 1 0 0 0 1 11.9803
69 3 6 1 3 1 2 1 3 -1 1 0 0 0 1 14.4634
70 2 9 3 1 1 1 1 3 -1 1 1 0 0 1 4.6499
71 1 8 1 3 1 1 1 3 -1 1 0 0 0 1 7.3291
72 1 6 2 2 1 1 2 -1 -1 1 0 0 1 1 4.7192
73 3 1 3 1 2 2 1 3 -1 1 1 0 0 1 5.7277
74 3 7 3 3 1 2 3 1 -1 1 1 0 0 0 4.4706
75 2 5 3 1 1 2 1 1 -1 1 0 0 1 0 8.4604
76 1 1 3 1 1 2 1 3 -1 1 0 0 0 1 13.4281
77 2 2 3 1 2 2 1 2 -1 1 1 0 0 0 4.8110
78 2 2 1 3 2 2 1 3 -1 1 1 0 0 1 4.6428
79 1 4 3 1 2 2 1 3 -1 1 0 0 0 1 8.6661
80 1 1 1 3 1 1 3 2 -1 0 1 0 0 0 5.6930
81 1 4 1 3 1 1 1 3 -1 1 0 0 0 1 9.8018
82 1 8 3 1 2 2 1 3 -1 1 0 0 0 1 17.9378
83 1 1 2 2 1 2 2 2 -1 1 0 0 1 1 3.9102
84 1 1 1 1 1 2 1 1 -1 1 0 0 1 1 3.8877
85 3 7 2 2 1 2 2 2 -1 1 0 0 1 1 4.6704
86 1 4 3 1 1 1 1 2 -1 1 0 0 0 0 6.7476
87 3 6 3 1 1 2 1 2 -1 1 1 0 0 0 12.4495
88 2 9 1 1 1 2 1 1 -1 1 0 0 1 1 7.3094
89 1 6 1 1 1 2 1 1 -1 1 0 0 1 1 4.9734
90 3 7 1 1 2 2 1 -1 -1 1 0 0 1 1 3.6663
91 1 8 1 1 1 2 1 -1 -1 1 0 0 1 1 5.0938
92 2 2 3 1 1 1 3 1 -1 1 1 0 0 1 3.7906
93 3 1 3 1 1 1 3 2 -1 1 1 0 0 0 13.4093
94 1 1 3 1 1 1 3 1 -1 1 1 0 0 1 16.7567
95 3 6 3 1 1 1 1 3 -1 1 0 0 0 1 8.9636
96 2 5 1 1 2 2 1 -1 -1 1 0 0 1 1 2.4483
97 1 4 1 1 1 2 1 -1 -1 1 0 0 1 1 6.2197
98 1 8 3 1 1 1 1 3 -1 1 0 0 0 1 5.1551
99 3 5 1 3 1 2 3 1 -1 1 1 0 0 1 11.3007
100 3 6 2 2 1 2 2 2 -1 1 0 0 1 1 4.2087
101 2 5 1 1 1 2 1 -1 -1 1 0 0 1 1 3.1942
102 2 9 3 1 2 2 1 3 -1 1 1 0 0 1 14.4390
103 3 5 1 3 1 1 1 3 -1 1 1 0 0 1 7.1017
104 3 5 3 3 1 2 3 3 -1 1 0 0 1 1 8.2715
105 3 5 3 1 1 1 1 2 -1 1 0 0 0 0 6.4189
106 1 8 3 3 1 2 3 3 -1 1 0 0 1 1 4.1496
107 1 6 1 3 1 2 1 3 -1 1 1 0 0 1 7.0959
108 3 5 2 2 1 2 1 2 -1 1 1 0 0 0 4.0898
109 1 8 1 3 1 2 1 3 -1 1 0 0 0 1 7.8380
110 2 2 2 2 1 2 2 2 -1 1 0 0 1 1 6.5172
