Ear: R
Audiogram left  : NA
Audiogram right : NA
# Keys:
# Consonant_ID  : d=1 g=2 l=3 f=4 th=5 jh=6 p=7 sh=8 t=9 
# Vowel_ID      : IH=1 EH=2 AE=3 
# F0_ID         : high_f0=1 low_f0=2 # Columns       : Trial Consonant_1_ID Consonant_2_ID Vowel_ID F0_ID Heard_Consonant Answer_vowel Correct Time_elapsed
1 2 9 2 2 1 2 1 0.3494
2 1 6 2 2 1 2 1 0.0327
3 1 8 3 2 1 3 1 0.9228
4 2 5 1 1 1 1 1 0.1249
5 3 5 2 2 1 2 1 0.0304
6 1 6 3 2 1 3 1 0.9396
7 2 9 1 1 1 1 1 0.6260
8 3 6 2 2 1 2 1 0.5298
9 1 1 2 1 1 2 1 1.0156
10 1 6 1 1 1 1 1 0.7253
11 2 5 2 1 1 3 0 2.7984
12 3 7 2 2 1 2 1 0.2709
13 3 7 3 2 1 3 1 0.5256
14 3 1 3 1 1 3 1 0.2259
15 3 5 1 2 1 1 1 0.6540
16 3 7 3 1 1 3 1 0.8079
17 2 5 1 2 1 1 1 0.0524
18 1 8 3 1 1 3 1 0.0633
19 1 6 3 1 1 3 1 1.0177
20 3 1 2 1 1 2 1 2.8997
21 3 1 3 2 1 3 1 0.2463
22 1 4 2 1 1 2 1 1.5598
23 2 5 3 2 1 3 1 1.2977
24 1 4 1 1 1 1 1 0.8390
25 1 1 1 2 1 2 0 1.4500
26 2 2 3 2 1 3 1 1.9477
27 3 7 1 2 1 1 1 1.6650
28 3 5 1 1 1 1 1 0.1650
29 1 4 3 1 1 3 1 1.0414
30 1 1 3 2 1 3 1 2.0165
31 2 9 1 2 1 1 1 0.6261
32 2 2 1 1 1 1 1 0.7681
33 3 5 3 2 1 3 1 0.7196
34 3 6 2 1 1 2 1 0.1126
35 1 8 2 1 1 2 1 0.5915
36 3 1 1 2 1 1 1 0.3866
37 1 8 2 2 1 2 1 4.0597
38 3 7 1 1 1 1 1 0.0102
39 2 5 2 2 1 2 1 1.2265
40 1 8 1 1 1 1 1 0.0733
41 3 6 3 1 1 3 1 0.6024
42 1 8 1 2 1 1 1 0.7553
43 2 2 1 2 1 1 1 0.1966
44 2 2 3 1 1 3 1 0.2911
45 1 4 1 2 1 1 1 0.6614
46 3 1 1 1 1 1 1 0.5938
47 1 4 3 2 1 3 1 0.0928
48 2 9 3 1 1 3 1 0.3190
49 1 4 2 2 1 2 1 0.5961
50 1 6 1 2 1 1 1 0.2328
51 3 7 2 1 1 2 1 0.2137
52 2 2 2 1 1 2 1 0.7591
53 3 6 3 2 1 3 1 0.0317
54 1 1 1 1 1 1 1 1.0179
55 1 1 2 2 1 2 1 0.6243
56 2 9 2 1 1 2 1 0.7538
57 3 1 2 2 1 2 1 0.1848
58 2 2 2 2 1 2 1 1.1727
59 2 9 3 2 1 3 1 0.1225
60 3 6 1 2 1 1 1 0.1338
61 3 5 2 1 1 2 1 0.1069
62 3 5 3 1 1 3 1 0.0519
63 3 6 1 1 1 1 1 0.6148
64 1 6 2 1 1 2 1 0.1734
65 1 1 3 1 1 3 1 0.6218
66 2 5 3 1 1 3 1 0.7760
