Ear: B
Audiogram left  : NA
Audiogram right : NA
# Keys:
# Consonant_ID  : d=1 g=2 l=3 f=4 th=5 jh=6 p=7 sh=8 t=9 
# Vowel_ID      : IH=1 EH=2 AE=3 
# F0_ID         : high_f0=1 low_f0=2 
# Columns       : Trial Con1 Con2 V1 V2 F01 F02 Ans1V Ans2V Ans3V Ans1C Ans2C Ans3C OneType BothOK RT
1 3 1 3 1 1 2 3 1 -1 1 0 0 0 1 3.1762
2 1 4 1 3 1 1 3 3 -1 1 0 0 1 0 6.0181
3 1 6 2 2 1 2 2 2 -1 1 0 0 1 1 1.2001
4 1 8 3 3 1 2 3 3 -1 1 0 0 1 1 4.2764
5 2 5 3 1 1 2 2 1 -1 1 1 0 0 0 2.7077
6 2 2 1 3 1 2 1 3 -1 1 1 0 0 1 2.5738
7 3 6 1 3 1 1 1 3 -1 1 0 0 0 1 1.8052
8 3 5 3 1 2 2 3 1 -1 1 1 0 0 1 2.8941
9 3 1 3 1 1 1 2 1 -1 1 1 0 0 0 2.5875
10 2 9 2 2 1 2 2 2 -1 1 0 0 1 1 1.2169
11 3 6 3 1 2 2 3 1 -1 1 1 0 0 1 5.4814
12 2 5 1 3 1 2 1 3 -1 1 1 0 0 1 11.5335
13 3 1 1 3 1 1 1 3 -1 1 1 0 0 1 2.1318
14 3 7 1 3 2 2 1 3 -1 1 1 0 0 1 1.5398
15 2 9 1 3 1 2 1 3 -1 1 1 0 0 1 1.6671
16 3 5 3 1 1 2 1 2 -1 1 1 0 0 0 2.9229
17 3 5 1 3 2 2 3 1 -1 1 1 0 0 1 1.3821
18 1 6 3 1 1 2 1 3 -1 1 1 0 0 1 5.9185
19 3 7 3 1 1 1 1 3 -1 1 1 0 0 1 1.3876
20 3 1 1 3 2 2 3 1 -1 1 1 0 0 1 1.3442
21 2 9 3 1 2 2 2 3 -1 1 1 0 0 0 2.0610
22 2 5 3 3 1 2 3 3 -1 1 0 0 1 1 1.2696
23 2 2 3 1 1 2 1 3 -1 1 1 0 0 1 4.4711
24 1 6 3 1 1 1 2 3 -1 1 1 0 0 0 2.6894
25 1 4 1 1 1 2 1 -1 -1 1 0 0 1 1 0.8326
26 3 1 1 1 1 2 1 2 -1 1 1 0 0 0 2.1645
27 2 5 3 1 1 1 3 1 -1 1 0 0 0 1 3.4378
28 1 6 1 3 1 1 1 3 -1 1 0 0 0 1 2.5893
29 3 6 3 3 1 2 3 3 -1 1 0 0 1 1 0.9243
30 1 8 3 1 1 1 1 3 -1 1 1 0 0 1 11.6908
31 1 1 1 3 1 2 1 3 -1 1 0 0 0 1 2.2664
32 1 4 1 3 2 2 1 3 -1 1 0 0 0 1 2.8302
33 1 1 3 3 1 2 3 3 -1 1 0 0 1 1 1.8136
34 3 7 1 1 1 2 1 1 -1 1 0 0 1 1 3.2111
35 1 1 3 1 2 2 1 3 -1 1 0 0 0 1 9.0043
36 2 9 2 2 1 1 2 -1 -1 1 0 0 1 1 0.8990
37 2 9 3 3 1 1 3 -1 -1 1 0 0 1 1 0.8454
38 1 8 1 3 1 2 1 3 -1 1 0 0 0 1 3.9080
39 1 4 3 1 1 1 1 3 -1 1 0 0 0 1 7.6990
40 3 5 1 3 1 1 1 3 -1 1 0 0 0 1 1.3650
41 1 4 1 3 1 2 1 3 -1 1 0 0 0 1 3.4276
42 2 2 1 1 1 2 1 -1 -1 1 0 0 1 1 1.2425
43 1 6 2 2 2 2 2 -1 -1 1 0 0 1 1 0.7260
44 3 1 1 3 1 2 1 3 -1 1 0 0 0 1 2.2478
45 3 5 3 1 1 1 1 3 -1 1 1 0 0 1 2.6981
46 2 9 3 1 1 2 2 3 -1 1 1 0 0 0 2.0451
47 2 5 1 3 1 1 1 3 -1 1 0 0 0 1 2.9589
48 3 5 3 3 2 2 3 -1 -1 1 0 0 1 1 1.3957
49 2 2 1 3 2 2 1 3 -1 1 1 0 0 1 2.8841
50 1 1 3 1 1 2 1 1 -1 1 0 0 1 0 1.8573
51 2 5 3 1 2 2 3 1 -1 1 1 0 0 1 3.2732
52 1 8 3 1 1 2 1 3 -1 1 0 0 0 1 2.9789
53 1 4 3 3 1 2 3 3 -1 1 0 0 1 1 1.3816
54 3 6 1 3 1 2 3 1 -1 0 1 0 0 1 2.3657
55 1 4 3 1 1 2 1 3 -1 1 0 0 0 1 3.6022
56 2 5 2 2 1 1 2 -1 -1 1 0 0 1 1 0.9483
57 1 6 3 1 2 2 1 3 -1 1 1 0 0 1 2.5205
58 2 5 2 2 1 2 2 2 -1 1 0 0 1 1 1.5916
59 3 7 3 3 1 2 2 3 -1 1 1 0 0 0 2.7264
60 3 7 1 3 1 1 1 3 -1 1 1 0 0 1 3.3138
61 3 7 3 1 2 2 1 3 -1 1 1 0 0 1 1.4552
62 3 6 3 1 1 2 1 3 -1 1 0 0 0 1 3.5563
63 1 1 2 2 1 2 2 2 -1 1 0 0 1 1 1.4797
64 3 5 1 1 1 2 1 1 -1 1 0 0 1 1 1.3681
65 2 5 1 1 1 2 1 1 -1 1 0 0 1 1 1.9755
66 1 1 1 3 1 1 1 3 -1 1 0 0 0 1 1.9425
67 1 4 3 1 2 2 1 3 -1 1 0 0 0 1 1.8937
68 3 1 3 1 2 2 3 3 -1 1 0 0 1 0 2.9766
69 3 5 1 3 1 2 1 3 -1 1 0 0 0 1 1.5296
70 1 6 3 3 1 2 3 3 -1 1 0 0 1 1 2.5044
71 1 1 1 1 1 2 1 2 -1 1 0 0 0 0 3.2694
72 2 9 1 1 1 2 1 1 -1 1 0 0 1 1 1.4613
73 3 1 1 1 2 2 1 -1 -1 1 0 0 1 1 0.9452
74 3 7 2 2 1 2 2 2 -1 1 0 0 1 1 1.5493
75 1 8 2 2 1 2 2 -1 -1 1 0 0 1 1 0.6386
76 1 1 3 3 1 1 3 -1 -1 1 0 0 1 1 0.6925
77 2 9 1 3 1 1 3 1 -1 0 1 0 0 1 1.7027
78 2 2 3 1 1 1 1 3 -1 1 0 0 0 1 2.3904
79 3 6 3 1 1 1 1 3 -1 1 0 0 0 1 1.8770
80 1 8 2 2 1 1 2 -1 -1 1 0 0 1 1 0.8060
81 3 5 2 2 2 2 2 -1 -1 1 0 0 1 1 0.7312
82 1 8 3 1 2 2 1 3 -1 1 0 0 0 1 3.9098
83 3 7 3 1 1 2 3 1 -1 1 1 0 0 1 2.6372
84 1 8 1 3 2 2 1 3 -1 1 1 0 0 1 1.7592
85 2 9 3 1 1 1 1 3 -1 1 1 0 0 1 1.8471
86 1 1 3 1 1 1 2 3 -1 1 1 0 0 0 6.0683
87 2 2 3 3 1 2 3 3 -1 1 0 0 1 1 1.4691
88 3 6 1 3 2 2 1 3 -1 1 0 0 0 1 1.9450
89 3 1 2 2 1 2 2 2 -1 1 0 0 1 1 1.2732
90 2 2 2 2 1 2 2 2 -1 1 0 0 1 1 1.3432
91 3 7 1 3 1 2 1 3 -1 1 0 0 0 1 1.6602
92 1 8 1 1 1 2 1 -1 -1 1 0 0 1 1 1.0370
93 3 6 2 2 2 2 3 -1 -1 1 0 0 1 0 1.1552
94 2 2 3 1 2 2 1 3 -1 1 1 0 0 1 2.3812
95 1 6 1 3 1 2 1 3 -1 1 1 0 0 1 1.4382
96 3 6 1 1 1 2 1 1 -1 1 0 0 1 1 5.2007
97 1 8 1 3 1 1 1 3 -1 1 0 0 0 1 1.3892
98 1 1 1 3 2 2 1 3 -1 1 0 0 0 1 1.2645
99 2 5 1 3 2 2 1 2 -1 1 1 0 0 0 2.8709
100 2 9 3 3 1 2 3 3 -1 1 0 0 1 1 0.9828
101 1 6 1 1 1 2 1 1 -1 1 0 0 1 1 2.3562
102 3 1 3 3 1 2 3 3 -1 1 0 0 1 1 1.6102
103 1 8 1 1 1 1 1 -1 -1 1 0 0 1 1 0.6647
104 1 4 2 2 1 2 2 -1 -1 1 0 0 1 1 0.6384
105 1 6 1 3 2 2 1 3 -1 1 0 0 0 1 1.5912
106 2 2 1 3 1 1 1 3 -1 1 1 0 0 1 5.7336
107 2 9 1 3 2 2 1 3 -1 1 1 0 0 1 3.6361
108 3 5 3 3 1 2 3 3 -1 1 0 0 1 1 1.5472
109 3 6 2 2 1 2 2 2 -1 1 0 0 1 1 2.3609
110 3 5 2 2 1 2 2 2 -1 1 0 0 1 1 0.9057
