Ear: B
Audiogram left  : NA
Audiogram right : NA
# Keys:
# Consonant_ID  : d=1 g=2 l=3 f=4 th=5 jh=6 p=7 sh=8 t=9 
# Vowel_ID      : IH=1 EH=2 AE=3 
# F0_ID         : high_f0=1 low_f0=2 
# Columns       : Trial Con1 Con2 V1 V2 F01 F02 Ans1V Ans2V Ans3V Ans1C Ans2C Ans3C OneType BothOK RT
1 3 1 3 1 1 2 2 1 -1 1 1 0 0 0 4.5354
2 1 4 1 3 1 1 1 3 -1 1 0 0 0 1 6.0180
3 1 6 2 2 1 2 2 2 -1 1 0 0 1 1 1.1010
4 1 8 3 3 1 2 3 3 -1 1 0 0 1 1 1.4364
5 2 5 3 1 1 2 3 1 -1 1 0 0 0 1 5.0442
6 2 2 1 3 1 2 1 3 -1 1 1 0 0 1 4.3635
7 3 6 1 3 1 1 3 1 -1 0 1 0 0 1 5.4145
8 3 5 3 1 2 2 1 3 -1 1 1 0 0 1 3.4607
9 3 1 3 1 1 1 3 1 -1 1 1 0 0 1 5.2010
10 2 9 2 2 1 2 2 2 -1 1 0 0 1 1 1.0791
11 3 6 3 1 2 2 3 1 -1 0 1 0 0 1 5.2266
12 2 5 1 3 1 2 1 3 -1 1 0 0 0 1 9.1852
13 3 1 1 3 1 1 1 3 -1 1 0 0 0 1 4.0315
14 3 7 1 3 2 2 1 3 -1 1 0 0 0 1 1.8941
15 2 9 1 3 1 2 1 3 -1 1 0 0 0 1 5.3722
16 3 5 3 1 1 2 2 1 -1 1 1 0 0 0 4.9904
17 3 5 1 3 2 2 1 3 -1 1 0 0 0 1 1.6871
18 1 6 3 1 1 2 1 3 -1 1 1 0 0 1 9.7192
19 3 7 3 1 1 1 3 1 -1 1 0 0 0 1 5.2843
20 3 1 1 3 2 2 2 2 -1 1 0 0 1 0 4.9356
21 2 9 3 1 2 2 1 3 -1 1 1 0 0 1 3.7509
22 2 5 3 3 1 2 3 3 -1 1 0 0 1 1 3.6388
23 2 2 3 1 1 2 1 3 -1 1 1 0 0 1 4.7155
24 1 6 3 1 1 1 3 1 -1 1 1 0 0 1 4.3180
25 1 4 1 1 1 2 1 -1 -1 1 0 0 1 1 2.2289
26 3 1 1 1 1 2 1 1 -1 1 0 0 1 1 1.8711
27 2 5 3 1 1 1 3 1 -1 1 1 0 0 1 4.3171
28 1 6 1 3 1 1 1 3 -1 1 0 0 0 1 1.7928
29 3 6 3 3 1 2 3 3 -1 1 0 0 1 1 1.4375
30 1 8 3 1 1 1 3 1 -1 1 0 0 0 1 9.4843
31 1 1 1 3 1 2 3 1 -1 0 1 0 0 1 3.9550
32 1 4 1 3 2 2 3 1 -1 0 1 0 0 1 7.2761
33 1 1 3 3 1 2 3 3 -1 1 0 0 1 1 1.9182
34 3 7 1 1 1 2 1 1 -1 1 0 0 1 1 2.0053
35 1 1 3 1 2 2 3 1 -1 1 0 0 0 1 4.8252
36 2 9 2 2 1 1 2 -1 -1 1 0 0 1 1 0.8443
37 2 9 3 3 1 1 3 -1 -1 1 0 0 1 1 0.5719
38 1 8 1 3 1 2 1 3 -1 1 0 0 0 1 2.5126
39 1 4 3 1 1 1 1 1 -1 1 0 0 1 0 4.7595
40 3 5 1 3 1 1 1 3 -1 1 0 0 0 1 2.7574
41 1 4 1 3 1 2 1 3 -1 1 0 0 0 1 12.4135
42 2 2 1 1 1 2 1 1 -1 1 0 0 1 1 4.8563
43 1 6 2 2 2 2 2 -1 -1 1 0 0 1 1 0.6693
44 3 1 1 3 1 2 1 3 -1 1 0 0 0 1 3.1145
45 3 5 3 1 1 1 3 2 -1 1 1 0 0 0 2.5391
46 2 9 3 1 1 2 3 1 -1 1 1 0 0 1 4.4621
47 2 5 1 3 1 1 1 1 -1 1 0 0 1 0 2.9285
48 3 5 3 3 2 2 3 -1 -1 1 0 0 1 1 0.7883
49 2 2 1 3 2 2 1 3 -1 1 0 0 0 1 5.2231
50 1 1 3 1 1 2 1 3 -1 1 1 0 0 1 3.8650
51 2 5 3 1 2 2 1 2 -1 1 1 0 0 0 3.6037
52 1 8 3 1 1 2 1 3 -1 1 0 0 0 1 2.1896
53 1 4 3 3 1 2 3 3 -1 1 0 0 1 1 1.1944
54 3 6 1 3 1 2 1 3 -1 1 0 0 0 1 4.2873
55 1 4 3 1 1 2 1 1 -1 1 0 0 1 0 4.8851
56 2 5 2 2 1 1 2 -1 -1 1 0 0 1 1 1.0109
57 1 6 3 1 2 2 1 3 -1 1 0 0 0 1 10.0076
58 2 5 2 2 1 2 2 2 -1 1 0 0 1 1 4.9368
59 3 7 3 3 1 2 3 3 -1 1 0 0 1 1 1.1775
60 3 7 1 3 1 1 1 3 -1 1 0 0 0 1 7.3476
61 3 7 3 1 2 2 3 1 -1 1 0 0 0 1 2.9006
62 3 6 3 1 1 2 3 1 -1 1 0 0 0 1 3.9865
63 1 1 2 2 1 2 2 2 -1 1 0 0 1 1 1.1551
64 3 5 1 1 1 2 1 1 -1 1 0 0 1 1 1.7431
65 2 5 1 1 1 2 1 1 -1 1 0 0 1 1 1.0810
66 1 1 1 3 1 1 1 3 -1 1 0 0 0 1 1.7481
67 1 4 3 1 2 2 1 1 -1 1 0 0 1 0 4.2953
68 3 1 3 1 2 2 3 1 -1 1 0 0 0 1 6.8188
69 3 5 1 3 1 2 1 3 -1 1 0 0 0 1 1.7193
70 1 6 3 3 1 2 3 3 -1 1 0 0 1 1 1.4803
71 1 1 1 1 1 2 1 1 -1 1 0 0 1 1 1.3605
72 2 9 1 1 1 2 1 1 -1 1 0 0 1 1 1.2316
73 3 1 1 1 2 2 1 -1 -1 1 0 0 1 1 0.8926
74 3 7 2 2 1 2 1 2 -1 1 1 0 0 0 2.1994
75 1 8 2 2 1 2 2 -1 -1 1 0 0 1 1 0.5001
76 1 1 3 3 1 1 3 -1 -1 1 0 0 1 1 0.9090
77 2 9 1 3 1 1 1 3 -1 1 0 0 0 1 1.5471
78 2 2 3 1 1 1 3 1 -1 1 1 0 0 1 2.8669
79 3 6 3 1 1 1 1 1 -1 1 0 0 1 0 4.9020
80 1 8 2 2 1 1 2 -1 -1 1 0 0 1 1 0.5884
81 3 5 2 2 2 2 2 -1 -1 1 0 0 1 1 0.6358
82 1 8 3 1 2 2 1 3 -1 1 0 0 0 1 1.2038
83 3 7 3 1 1 2 3 1 -1 1 1 0 0 1 1.6105
84 1 8 1 3 2 2 1 2 -1 1 0 0 0 0 6.2360
85 2 9 3 1 1 1 3 1 -1 1 1 0 0 1 1.3886
86 1 1 3 1 1 1 3 1 -1 1 1 0 0 1 6.3180
87 2 2 3 3 1 2 3 3 -1 1 0 0 1 1 1.2030
88 3 6 1 3 2 2 1 3 -1 1 0 0 0 1 1.7017
89 3 1 2 2 1 2 3 3 -1 1 0 0 1 0 2.8650
90 2 2 2 2 1 2 2 2 -1 1 0 0 1 1 1.1449
91 3 7 1 3 1 2 1 3 -1 1 0 0 0 1 1.8057
92 1 8 1 1 1 2 1 -1 -1 1 0 0 1 1 0.6731
93 3 6 2 2 2 2 2 -1 -1 1 0 0 1 1 1.8718
94 2 2 3 1 2 2 1 3 -1 1 1 0 0 1 4.5994
95 1 6 1 3 1 2 1 3 -1 1 1 0 0 1 1.6144
96 3 6 1 1 1 2 1 1 -1 1 0 0 1 1 1.1265
97 1 8 1 3 1 1 1 3 -1 1 0 0 0 1 1.4467
98 1 1 1 3 2 2 1 3 -1 1 0 0 0 1 2.5331
99 2 5 1 3 2 2 1 3 -1 1 0 0 0 1 3.5326
100 2 9 3 3 1 2 3 3 -1 1 0 0 1 1 1.1060
101 1 6 1 1 1 2 1 1 -1 1 0 0 1 1 1.4654
102 3 1 3 3 1 2 3 3 -1 1 0 0 1 1 2.2462
103 1 8 1 1 1 1 1 -1 -1 1 0 0 1 1 0.6526
104 1 4 2 2 1 2 2 -1 -1 1 0 0 1 1 0.4708
105 1 6 1 3 2 2 3 1 -1 0 1 0 0 1 1.5262
106 2 2 1 3 1 1 2 1 -1 1 1 0 0 0 3.0414
107 2 9 1 3 2 2 1 3 -1 1 0 0 0 1 1.9210
108 3 5 3 3 1 2 3 3 -1 1 0 0 1 1 1.0031
109 3 6 2 2 1 2 2 2 -1 1 0 0 1 1 1.0707
110 3 5 2 2 1 2 2 2 -1 1 0 0 1 1 0.9754
