Ear: L
Audiogram left  : NA
Audiogram right : NA
# Keys:
# Consonant_ID  : d=1 g=2 l=3 f=4 th=5 jh=6 p=7 sh=8 t=9 
# Vowel_ID      : IH=1 EH=2 AE=3 
# F0_ID         : high_f0=1 low_f0=2 # Columns       : Trial Consonant_1_ID Consonant_2_ID Vowel_ID F0_ID Heard_Consonant Answer_vowel Correct Time_elapsed
1 1 6 2 2 1 2 1 0.2875
2 1 6 3 2 1 3 1 0.4317
3 3 6 1 2 1 1 1 0.4526
4 1 1 2 2 1 2 1 0.6333
5 3 1 2 1 1 2 1 0.4706
6 1 4 1 2 1 1 1 0.4899
7 1 8 3 1 1 2 0 0.3510
8 3 6 2 1 1 2 1 0.5248
9 2 5 2 1 1 2 1 1.2645
10 3 7 2 1 1 2 1 0.6040
11 1 1 2 1 1 2 1 0.4921
12 2 9 2 2 1 2 1 0.5049
13 2 5 1 1 1 1 1 0.4138
14 2 2 2 2 1 2 1 0.4967
15 3 7 3 1 1 2 0 0.4476
16 1 4 1 1 1 1 1 0.6433
17 1 4 2 1 1 2 1 2.1364
18 1 8 2 1 1 2 1 0.5223
19 3 5 3 1 1 3 1 0.5817
20 1 6 3 1 1 3 1 0.5941
21 3 6 3 2 1 2 0 0.6157
22 1 6 1 1 1 1 1 0.3183
23 3 5 1 2 1 1 1 0.4507
24 3 5 2 2 1 2 1 0.2540
25 2 5 1 2 1 1 1 0.2979
26 3 7 1 2 1 1 1 0.8482
27 2 9 3 2 1 3 1 0.9043
28 1 6 2 1 1 2 1 0.4180
29 1 1 3 2 1 3 1 0.8240
30 3 1 3 2 1 2 0 0.8291
31 2 2 1 2 1 1 1 0.6715
32 2 5 2 2 1 2 1 1.0192
33 2 2 1 1 1 1 1 0.4810
34 3 1 1 2 1 1 1 0.4628
35 1 4 2 2 1 2 1 0.7472
36 1 8 1 2 1 1 1 1.5704
37 3 5 3 2 1 2 0 0.4287
38 2 9 3 1 1 3 1 0.7888
39 3 1 2 2 1 2 1 0.6098
40 2 5 3 1 1 3 1 1.1147
41 3 1 3 1 1 2 0 0.6557
42 3 5 1 1 1 1 1 0.2761
43 2 2 3 1 1 3 1 1.0644
44 2 5 3 2 1 3 1 0.4620
45 3 7 1 1 1 1 1 0.5903
46 3 6 2 2 1 2 1 0.4158
47 1 4 3 2 1 2 0 0.7553
48 1 8 2 2 1 2 1 0.9614
49 2 9 1 1 1 1 1 0.4817
50 2 2 2 1 1 2 1 0.4296
51 1 4 3 1 1 2 0 0.4621
52 2 9 2 1 1 2 1 0.7581
53 3 7 3 2 1 2 0 0.9202
54 3 6 3 1 1 3 1 0.7447
55 2 9 1 2 1 1 1 0.6637
56 3 6 1 1 1 1 1 1.3658
57 2 2 3 2 1 3 1 0.6007
58 3 1 1 1 1 1 1 0.4975
59 1 1 3 1 1 2 0 0.6444
60 1 8 3 2 1 3 1 0.6904
61 1 8 1 1 1 1 1 1.5817
62 1 1 1 2 1 1 1 0.8326
63 3 5 2 1 1 1 0 0.6421
64 1 1 1 1 1 1 1 0.5522
65 1 6 1 2 1 1 1 0.6947
66 3 7 2 2 1 2 1 0.5539
