Ear: B
Audiogram left  : NA
Audiogram right : NA
# Keys:
# Consonant_ID  : d=1 g=2 l=3 f=4 th=5 jh=6 p=7 sh=8 t=9 
# Vowel_ID      : IH=1 EH=2 AE=3 
# F0_ID         : high_f0=1 low_f0=2 
# Columns       : Trial Con1 Con2 V1 V2 F01 F02 Ans1V Ans2V Ans3V Ans1C Ans2C Ans3C OneType BothOK RT
1 3 1 3 1 1 2 1 2 -1 1 1 0 0 0 8.9230
2 1 4 1 3 1 1 1 3 -1 1 1 0 0 1 3.8766
3 1 6 2 2 1 2 2 2 -1 1 0 0 1 1 5.2730
4 1 8 3 3 1 2 3 2 -1 1 1 0 0 0 5.0746
5 2 5 3 1 1 2 2 1 -1 1 1 0 0 0 7.7800
6 2 2 1 3 1 2 1 3 -1 1 1 0 0 1 5.0800
7 3 6 1 3 1 1 2 3 -1 1 1 0 0 0 3.1194
8 3 5 3 1 2 2 3 2 -1 1 1 0 0 0 8.6298
9 3 1 3 1 1 1 3 2 -1 1 1 0 0 0 3.6693
10 2 9 2 2 1 2 2 2 -1 1 0 0 1 1 2.1894
11 3 6 3 1 2 2 3 1 -1 1 1 0 0 1 6.0197
12 2 5 1 3 1 2 1 2 -1 1 1 0 0 0 4.4762
13 3 1 1 3 1 1 2 3 -1 1 1 0 0 0 5.3761
14 3 7 1 3 2 2 1 2 -1 1 1 0 0 0 3.6634
15 2 9 1 3 1 2 2 3 -1 1 1 0 0 0 4.4355
16 3 5 3 1 1 2 2 1 -1 1 1 0 0 0 4.6483
17 3 5 1 3 2 2 3 1 -1 1 1 0 0 1 2.3692
18 1 6 3 1 1 2 1 3 -1 1 1 0 0 1 5.2202
19 3 7 3 1 1 1 3 1 -1 1 1 0 0 1 5.7337
20 3 1 1 3 2 2 1 3 -1 1 1 0 0 1 4.3529
21 2 9 3 1 2 2 1 3 -1 1 1 0 0 1 6.4110
22 2 5 3 3 1 2 3 3 -1 1 0 0 1 1 5.7473
23 2 2 3 1 1 2 1 3 -1 1 1 0 0 1 4.5333
24 1 6 3 1 1 1 1 1 -1 1 0 0 1 0 14.0156
25 1 4 1 1 1 2 1 -1 -1 1 0 0 1 1 4.1147
26 3 1 1 1 1 2 1 1 -1 1 0 0 1 1 4.8711
27 2 5 3 1 1 1 1 3 -1 1 1 0 0 1 3.4053
28 1 6 1 3 1 1 1 3 -1 1 1 0 0 1 3.6339
29 3 6 3 3 1 2 3 3 -1 1 0 0 1 1 7.4398
30 1 8 3 1 1 1 2 1 -1 1 1 0 0 0 4.9276
31 1 1 1 3 1 2 2 3 -1 1 1 0 0 0 5.3974
32 1 4 1 3 2 2 1 3 -1 1 1 0 0 1 3.4731
33 1 1 3 3 1 2 3 3 -1 1 0 0 1 1 1.8744
34 3 7 1 1 1 2 1 1 -1 1 0 0 1 1 1.5082
35 1 1 3 1 2 2 1 3 -1 1 1 0 0 1 2.3028
36 2 9 2 2 1 1 2 -1 -1 1 0 0 1 1 2.3587
37 2 9 3 3 1 1 3 -1 -1 1 0 0 1 1 1.6397
38 1 8 1 3 1 2 1 3 -1 1 1 0 0 1 3.1325
39 1 4 3 1 1 1 1 1 -1 1 0 0 1 0 4.5498
40 3 5 1 3 1 1 1 2 -1 1 1 0 0 0 2.8571
41 1 4 1 3 1 2 1 2 -1 1 1 0 0 0 3.7050
42 2 2 1 1 1 2 1 1 -1 1 0 0 1 1 1.6872
43 1 6 2 2 2 2 2 -1 -1 1 0 0 1 1 0.8364
44 3 1 1 3 1 2 3 1 -1 1 1 0 0 1 4.2911
45 3 5 3 1 1 1 1 1 -1 1 0 0 1 0 4.0016
46 2 9 3 1 1 2 1 3 -1 1 1 0 0 1 3.7690
47 2 5 1 3 1 1 1 2 -1 1 1 0 0 0 4.2080
48 3 5 3 3 2 2 3 -1 -1 1 0 0 1 1 1.6671
49 2 2 1 3 2 2 1 3 -1 1 1 0 0 1 4.1745
50 1 1 3 1 1 2 3 1 -1 1 1 0 0 1 3.9761
51 2 5 3 1 2 2 3 1 -1 1 1 0 0 1 3.2387
52 1 8 3 1 1 2 1 2 -1 1 1 0 0 0 4.0963
53 1 4 3 3 1 2 3 3 -1 1 0 0 1 1 2.1382
54 3 6 1 3 1 2 3 1 -1 1 1 0 0 1 3.4105
55 1 4 3 1 1 2 3 1 -1 1 1 0 0 1 2.1099
56 2 5 2 2 1 1 2 -1 -1 1 0 0 1 1 1.9561
57 1 6 3 1 2 2 1 3 -1 1 1 0 0 1 2.3759
58 2 5 2 2 1 2 2 2 -1 1 0 0 1 1 1.2167
59 3 7 3 3 1 2 2 3 -1 1 1 0 0 0 1.8790
60 3 7 1 3 1 1 1 3 -1 1 1 0 0 1 1.1993
61 3 7 3 1 2 2 1 3 -1 1 1 0 0 1 1.4298
62 3 6 3 1 1 2 3 1 -1 1 1 0 0 1 2.0320
63 1 1 2 2 1 2 2 2 -1 1 0 0 1 1 1.5017
64 3 5 1 1 1 2 1 1 -1 1 0 0 1 1 4.7849
65 2 5 1 1 1 2 1 1 -1 1 0 0 1 1 1.2716
66 1 1 1 3 1 1 1 3 -1 1 1 0 0 1 2.0006
67 1 4 3 1 2 2 1 3 -1 1 1 0 0 1 3.0799
68 3 1 3 1 2 2 3 2 -1 1 1 0 0 0 3.0268
69 3 5 1 3 1 2 3 1 -1 1 1 0 0 1 2.1452
70 1 6 3 3 1 2 3 3 -1 1 0 0 1 1 1.3126
71 1 1 1 1 1 2 1 2 -1 1 1 0 0 0 1.5236
72 2 9 1 1 1 2 1 1 -1 1 0 0 1 1 3.7795
73 3 1 1 1 2 2 1 -1 -1 1 0 0 1 1 1.1499
74 3 7 2 2 1 2 2 2 -1 1 0 0 1 1 4.2664
75 1 8 2 2 1 2 2 -1 -1 1 0 0 1 1 0.6075
76 1 1 3 3 1 1 3 -1 -1 1 0 0 1 1 1.0328
77 2 9 1 3 1 1 3 1 -1 1 1 0 0 1 1.4793
78 2 2 3 1 1 1 3 2 -1 1 1 0 0 0 1.9872
79 3 6 3 1 1 1 1 3 -1 1 1 0 0 1 2.2438
80 1 8 2 2 1 1 2 -1 -1 1 0 0 1 1 0.8054
81 3 5 2 2 2 2 2 -1 -1 1 0 0 1 1 0.6346
82 1 8 3 1 2 2 2 1 -1 1 1 0 0 0 2.0901
83 3 7 3 1 1 2 1 2 -1 1 1 0 0 0 1.9442
84 1 8 1 3 2 2 2 1 -1 1 1 0 0 0 1.8462
85 2 9 3 1 1 1 3 1 -1 1 1 0 0 1 4.3405
86 1 1 3 1 1 1 1 3 -1 1 1 0 0 1 7.7870
87 2 2 3 3 1 2 3 3 -1 1 0 0 1 1 1.2672
88 3 6 1 3 2 2 3 1 -1 1 1 0 0 1 3.9432
89 3 1 2 2 1 2 2 1 -1 1 1 0 0 0 2.4243
90 2 2 2 2 1 2 2 2 -1 0 1 0 1 1 2.7046
91 3 7 1 3 1 2 3 1 -1 1 1 0 0 1 1.5144
92 1 8 1 1 1 2 1 -1 -1 1 0 0 1 1 1.2374
93 3 6 2 2 2 2 2 -1 -1 1 0 0 1 1 0.7375
94 2 2 3 1 2 2 3 1 -1 1 1 0 0 1 2.7332
95 1 6 1 3 1 2 3 1 -1 1 1 0 0 1 1.5494
96 3 6 1 1 1 2 1 1 -1 1 0 0 1 1 1.3631
97 1 8 1 3 1 1 3 1 -1 1 1 0 0 1 3.7392
98 1 1 1 3 2 2 3 2 -1 1 1 0 0 0 3.1629
99 2 5 1 3 2 2 2 1 -1 1 1 0 0 0 1.4824
100 2 9 3 3 1 2 3 3 -1 0 1 0 1 1 1.6551
101 1 6 1 1 1 2 1 1 -1 0 1 0 1 1 2.8534
102 3 1 3 3 1 2 3 3 -1 1 0 0 1 1 1.3093
103 1 8 1 1 1 1 1 -1 -1 1 0 0 1 1 1.2009
104 1 4 2 2 1 2 2 -1 -1 1 0 0 1 1 3.0172
105 1 6 1 3 2 2 1 3 -1 1 1 0 0 1 1.7292
106 2 2 1 3 1 1 3 1 -1 1 1 0 0 1 2.5963
107 2 9 1 3 2 2 1 3 -1 1 1 0 0 1 1.6434
108 3 5 3 3 1 2 3 3 -1 1 0 0 1 1 1.6687
109 3 6 2 2 1 2 2 2 -1 1 0 0 1 1 3.0341
110 3 5 2 2 1 2 2 1 -1 1 1 0 0 0 1.3170
