Ear: B
Audiogram left  : NA
Audiogram right : NA
# Keys:
# Consonant_ID  : d=1 g=2 l=3 f=4 th=5 jh=6 p=7 sh=8 t=9 
# Vowel_ID      : IH=1 EH=2 AE=3 
# F0_ID         : high_f0=1 low_f0=2 
# Columns       : Trial Con1 Con2 V1 V2 F01 F02 Ans1V Ans2V Ans3V Ans1C Ans2C Ans3C OneType BothOK RT
1 3 1 3 1 1 2 3 1 -1 1 0 0 0 1 5.2255
2 1 4 1 3 1 1 1 3 -1 1 0 0 0 1 4.4624
3 1 6 2 2 1 2 2 2 -1 1 0 0 1 1 2.0004
4 1 8 3 3 1 2 3 3 -1 1 0 0 1 1 2.5196
5 2 5 3 1 1 2 1 2 -1 1 1 0 0 0 2.0384
6 2 2 1 3 1 2 3 1 -1 1 1 0 0 1 4.3706
7 3 6 1 3 1 1 3 1 -1 1 1 0 0 1 1.5900
8 3 5 3 1 2 2 1 3 -1 1 1 0 0 1 8.5846
9 3 1 3 1 1 1 3 1 -1 1 1 0 0 1 5.4045
10 2 9 2 2 1 2 2 2 -1 1 0 0 1 1 1.3335
11 3 6 3 1 2 2 3 1 -1 1 1 0 0 1 3.6452
12 2 5 1 3 1 2 3 1 -1 1 1 0 0 1 4.8740
13 3 1 1 3 1 1 1 3 -1 1 1 0 0 1 1.9849
14 3 7 1 3 2 2 3 1 -1 1 1 0 0 1 2.8112
15 2 9 1 3 1 2 1 3 -1 1 0 0 0 1 1.5849
16 3 5 3 1 1 2 3 2 -1 1 1 0 0 0 1.8550
17 3 5 1 3 2 2 2 3 -1 1 0 0 0 0 2.2114
18 1 6 3 1 1 2 1 3 -1 1 1 0 0 1 2.7915
19 3 7 3 1 1 1 3 1 -1 1 1 0 0 1 2.5495
20 3 1 1 3 2 2 3 1 -1 1 1 0 0 1 2.0584
21 2 9 3 1 2 2 1 3 -1 1 1 0 0 1 1.9753
22 2 5 3 3 1 2 3 3 -1 1 0 0 1 1 1.1818
23 2 2 3 1 1 2 3 1 -1 1 1 0 0 1 4.7201
24 1 6 3 1 1 1 3 1 -1 1 1 0 0 1 2.7933
25 1 4 1 1 1 2 1 -1 -1 1 0 0 1 1 1.0043
26 3 1 1 1 1 2 1 1 -1 1 0 0 1 1 1.8320
27 2 5 3 1 1 1 1 2 -1 1 1 0 0 0 7.7875
28 1 6 1 3 1 1 1 3 -1 1 0 0 0 1 1.8229
29 3 6 3 3 1 2 3 3 -1 1 0 0 1 1 1.2305
30 1 8 3 1 1 1 1 3 -1 1 0 0 0 1 6.1645
31 1 1 1 3 1 2 1 3 -1 1 0 0 0 1 3.6908
32 1 4 1 3 2 2 1 3 -1 1 0 0 0 1 6.1641
33 1 1 3 3 1 2 3 3 -1 1 0 0 1 1 1.0931
34 3 7 1 1 1 2 2 1 -1 1 1 0 0 0 2.5775
35 1 1 3 1 2 2 3 1 -1 1 0 0 0 1 2.3071
36 2 9 2 2 1 1 2 -1 -1 1 0 0 1 1 0.6603
37 2 9 3 3 1 1 3 -1 -1 1 0 0 1 1 0.5634
38 1 8 1 3 1 2 1 3 -1 1 0 0 0 1 1.7669
39 1 4 3 1 1 1 2 1 -1 1 1 0 0 0 5.6553
40 3 5 1 3 1 1 1 3 -1 1 0 0 0 1 2.2763
41 1 4 1 3 1 2 1 3 -1 1 0 0 0 1 4.5257
42 2 2 1 1 1 2 1 1 -1 1 0 0 1 1 1.4323
43 1 6 2 2 2 2 2 -1 -1 1 0 0 1 1 0.5787
44 3 1 1 3 1 2 1 3 -1 1 1 0 0 1 2.1618
45 3 5 3 1 1 1 3 1 -1 1 1 0 0 1 2.4951
46 2 9 3 1 1 2 1 3 -1 1 1 0 0 1 1.6920
47 2 5 1 3 1 1 1 3 -1 1 0 0 0 1 5.1840
48 3 5 3 3 2 2 3 -1 -1 1 0 0 1 1 1.0243
49 2 2 1 3 2 2 1 3 -1 1 0 0 0 1 6.8350
50 1 1 3 1 1 2 3 1 -1 1 0 0 0 1 2.4280
51 2 5 3 1 2 2 1 3 -1 1 1 0 0 1 6.2388
52 1 8 3 1 1 2 1 3 -1 1 0 0 0 1 6.6173
53 1 4 3 3 1 2 3 3 -1 1 0 0 1 1 1.2912
54 3 6 1 3 1 2 1 3 -1 1 0 0 0 1 1.8522
55 1 4 3 1 1 2 3 1 -1 1 0 0 0 1 5.6382
56 2 5 2 2 1 1 2 -1 -1 1 0 0 1 1 1.7825
57 1 6 3 1 2 2 1 3 -1 0 1 0 0 1 4.0502
58 2 5 2 2 1 2 2 2 -1 0 1 0 1 1 3.1053
59 3 7 3 3 1 2 3 3 -1 1 0 0 1 1 1.3501
60 3 7 1 3 1 1 1 3 -1 1 0 0 0 1 2.2851
61 3 7 3 1 2 2 3 1 -1 1 1 0 0 1 4.0635
62 3 6 3 1 1 2 3 1 -1 1 0 0 0 1 8.0636
63 1 1 2 2 1 2 2 2 -1 1 0 0 1 1 1.3510
64 3 5 1 1 1 2 1 1 -1 0 1 0 1 1 2.0147
65 2 5 1 1 1 2 1 1 -1 1 0 0 1 1 1.5302
66 1 1 1 3 1 1 1 3 -1 1 0 0 0 1 3.3589
67 1 4 3 1 2 2 1 1 -1 1 0 0 1 0 2.2459
68 3 1 3 1 2 2 3 1 -1 1 1 0 0 1 3.7258
69 3 5 1 3 1 2 1 3 -1 1 0 0 0 1 1.6101
70 1 6 3 3 1 2 3 3 -1 1 0 0 1 1 1.2315
71 1 1 1 1 1 2 1 1 -1 1 0 0 1 1 1.3913
72 2 9 1 1 1 2 1 1 -1 1 0 0 1 1 1.2146
73 3 1 1 1 2 2 1 -1 -1 1 0 0 1 1 1.0838
74 3 7 2 2 1 2 2 2 -1 1 0 0 1 1 5.7204
75 1 8 2 2 1 2 2 -1 -1 1 0 0 1 1 0.6720
76 1 1 3 3 1 1 3 -1 -1 1 0 0 1 1 0.7200
77 2 9 1 3 1 1 1 3 -1 1 0 0 0 1 1.4532
78 2 2 3 1 1 1 3 1 -1 1 1 0 0 1 2.9279
79 3 6 3 1 1 1 3 1 -1 1 1 0 0 1 9.9162
80 1 8 2 2 1 1 2 -1 -1 1 0 0 1 1 0.9335
81 3 5 2 2 2 2 2 -1 -1 1 0 0 1 1 1.1686
82 1 8 3 1 2 2 3 1 -1 1 1 0 0 1 4.3161
83 3 7 3 1 1 2 1 2 -1 1 1 0 0 0 2.3201
84 1 8 1 3 2 2 1 3 -1 1 1 0 0 1 2.2186
85 2 9 3 1 1 1 3 1 -1 1 1 0 0 1 2.5646
86 1 1 3 1 1 1 1 2 -1 1 0 0 0 0 2.4964
87 2 2 3 3 1 2 3 3 -1 1 0 0 1 1 1.2044
88 3 6 1 3 2 2 1 3 -1 1 0 0 0 1 1.8733
89 3 1 2 2 1 2 2 2 -1 1 0 0 1 1 2.0089
90 2 2 2 2 1 2 2 2 -1 1 0 0 1 1 1.2446
91 3 7 1 3 1 2 1 3 -1 1 1 0 0 1 2.2009
92 1 8 1 1 1 2 1 -1 -1 1 0 0 1 1 0.5948
93 3 6 2 2 2 2 2 3 -1 1 1 0 0 0 4.8040
94 2 2 3 1 2 2 1 3 -1 1 1 0 0 1 3.8910
95 1 6 1 3 1 2 3 1 -1 1 1 0 0 1 1.3852
96 3 6 1 1 1 2 1 1 -1 1 0 0 1 1 1.0885
97 1 8 1 3 1 1 1 3 -1 1 1 0 0 1 1.5873
98 1 1 1 3 2 2 1 3 -1 1 1 0 0 1 1.8300
99 2 5 1 3 2 2 1 3 -1 1 1 0 0 1 3.2314
100 2 9 3 3 1 2 3 3 -1 1 0 0 1 1 0.7212
101 1 6 1 1 1 2 1 2 -1 1 0 0 0 0 1.9181
102 3 1 3 3 1 2 3 3 -1 1 0 0 1 1 1.0399
103 1 8 1 1 1 1 1 -1 -1 1 0 0 1 1 0.5690
104 1 4 2 2 1 2 2 -1 -1 1 0 0 1 1 0.5470
105 1 6 1 3 2 2 1 3 -1 1 0 0 0 1 1.9673
106 2 2 1 3 1 1 1 3 -1 1 0 0 0 1 1.6526
107 2 9 1 3 2 2 1 3 -1 1 1 0 0 1 3.1666
108 3 5 3 3 1 2 3 3 -1 1 0 0 1 1 1.7574
109 3 6 2 2 1 2 2 2 -1 1 0 0 1 1 1.1093
110 3 5 2 2 1 2 2 2 -1 1 0 0 1 1 0.8769
