Ear: B
Audiogram left  : NA
Audiogram right : NA
# Keys:
# Consonant_ID  : d=1 g=2 l=3 f=4 th=5 jh=6 p=7 sh=8 t=9 
# Vowel_ID      : IH=1 EH=2 AE=3 
# F0_ID         : high_f0=1 low_f0=2 
# Columns       : Trial Con1 Con2 V1 V2 F01 F02 Ans1V Ans2V Ans3V Ans1C Ans2C Ans3C OneType BothOK RT
1 3 1 3 1 1 2 3 1 -1 1 0 0 0 1 19.3552
2 1 4 1 3 1 1 1 3 -1 1 0 0 0 1 14.0701
3 1 6 2 2 1 2 2 2 -1 1 0 0 1 1 0.9697
4 1 8 3 3 1 2 3 3 -1 1 0 0 1 1 3.1996
5 2 5 3 1 1 2 3 1 -1 1 0 0 0 1 7.4776
6 2 2 1 3 1 2 1 3 -1 1 1 0 0 1 22.0059
7 3 6 1 3 1 1 1 3 -1 1 0 0 0 1 7.0208
8 3 5 3 1 2 2 1 3 -1 1 1 0 0 1 2.6291
9 3 1 3 1 1 1 3 1 -1 1 1 0 0 1 9.8891
10 2 9 2 2 1 2 2 3 -1 1 0 0 0 0 8.4548
11 3 6 3 1 2 2 3 1 -1 1 1 0 0 1 6.8706
12 2 5 1 3 1 2 1 3 -1 1 1 0 0 1 22.2910
13 3 1 1 3 1 1 1 3 -1 1 1 0 0 1 4.8219
14 3 7 1 3 2 2 1 3 -1 1 0 0 0 1 11.8473
15 2 9 1 3 1 2 1 3 -1 1 1 0 0 1 8.4907
16 3 5 3 1 1 2 2 1 -1 1 1 0 0 0 3.8878
17 3 5 1 3 2 2 1 3 -1 1 0 0 0 1 2.7391
18 1 6 3 1 1 2 3 1 -1 1 1 0 0 1 26.0580
19 3 7 3 1 1 1 3 1 -1 1 1 0 0 1 6.5059
20 3 1 1 3 2 2 1 3 -1 1 0 0 0 1 4.5199
21 2 9 3 1 2 2 3 1 -1 1 1 0 0 1 5.5767
22 2 5 3 3 1 2 3 3 -1 1 0 0 1 1 7.5702
23 2 2 3 1 1 2 3 1 -1 1 0 0 0 1 10.2716
24 1 6 3 1 1 1 3 1 -1 1 1 0 0 1 6.0876
25 1 4 1 1 1 2 1 -1 -1 1 0 0 1 1 0.6529
26 3 1 1 1 1 2 1 1 -1 1 0 0 1 1 4.2634
27 2 5 3 1 1 1 1 2 -1 1 1 0 0 0 6.8390
28 1 6 1 3 1 1 1 3 -1 1 1 0 0 1 17.3589
29 3 6 3 3 1 2 3 3 -1 1 0 0 1 1 23.1723
30 1 8 3 1 1 1 1 3 -1 1 1 0 0 1 25.4888
31 1 1 1 3 1 2 1 3 -1 1 1 0 0 1 7.3345
32 1 4 1 3 2 2 1 3 -1 1 1 0 0 1 5.1181
33 1 1 3 3 1 2 3 3 -1 1 0 0 1 1 0.9444
34 3 7 1 1 1 2 1 1 -1 1 0 0 1 1 1.5697
35 1 1 3 1 2 2 3 1 -1 1 1 0 0 1 15.1505
36 2 9 2 2 1 1 2 -1 -1 1 0 0 1 1 0.4195
37 2 9 3 3 1 1 3 -1 -1 1 0 0 1 1 0.4306
38 1 8 1 3 1 2 1 3 -1 1 0 0 0 1 22.7672
39 1 4 3 1 1 1 1 1 -1 1 0 0 1 0 6.0634
40 3 5 1 3 1 1 1 3 -1 1 0 0 0 1 16.9635
41 1 4 1 3 1 2 1 3 -1 1 0 0 0 1 6.3469
42 2 2 1 1 1 2 1 1 -1 1 0 0 1 1 0.8940
43 1 6 2 2 2 2 2 -1 -1 1 0 0 1 1 0.3308
44 3 1 1 3 1 2 1 3 -1 1 1 0 0 1 2.4590
45 3 5 3 1 1 1 1 2 -1 1 1 0 0 0 3.7735
46 2 9 3 1 1 2 1 3 -1 1 1 0 0 1 2.6133
47 2 5 1 3 1 1 1 3 -1 1 1 0 0 1 4.8780
48 3 5 3 3 2 2 3 -1 -1 1 0 0 1 1 0.7942
49 2 2 1 3 2 2 1 3 -1 1 1 0 0 1 2.6610
50 1 1 3 1 1 2 1 3 -1 1 1 0 0 1 1.0945
51 2 5 3 1 2 2 3 1 -1 1 1 0 0 1 8.3235
52 1 8 3 1 1 2 3 1 -1 1 1 0 0 1 5.8449
53 1 4 3 3 1 2 3 3 -1 1 0 0 1 1 2.7496
54 3 6 1 3 1 2 1 3 -1 1 0 0 0 1 12.8002
55 1 4 3 1 1 2 1 2 -1 1 1 0 0 0 5.7188
56 2 5 2 2 1 1 2 -1 -1 1 0 0 1 1 0.3602
57 1 6 3 1 2 2 3 1 -1 1 1 0 0 1 4.6749
58 2 5 2 2 1 2 2 -1 -1 1 0 0 1 1 0.6294
59 3 7 3 3 1 2 2 2 -1 0 1 0 1 0 1.4658
60 3 7 1 3 1 1 1 3 -1 1 0 0 0 1 5.9030
61 3 7 3 1 2 2 1 3 -1 1 1 0 0 1 3.0486
62 3 6 3 1 1 2 3 1 -1 1 1 0 0 1 5.6155
63 1 1 2 2 1 2 2 2 -1 1 0 0 1 1 1.0005
64 3 5 1 1 1 2 1 1 -1 1 0 0 1 1 2.5390
65 2 5 1 1 1 2 1 1 -1 1 0 0 1 1 2.1672
66 1 1 1 3 1 1 3 2 -1 1 1 0 0 0 8.9772
67 1 4 3 1 2 2 1 3 -1 1 1 0 0 1 5.9972
68 3 1 3 1 2 2 3 1 -1 1 1 0 0 1 3.6377
69 3 5 1 3 1 2 1 3 -1 1 1 0 0 1 2.5600
70 1 6 3 3 1 2 3 3 -1 1 0 0 1 1 0.9040
71 1 1 1 1 1 2 1 1 -1 0 1 0 1 1 2.8256
72 2 9 1 1 1 2 2 2 -1 1 0 0 1 0 0.9794
73 3 1 1 1 2 2 1 -1 -1 1 0 0 1 1 0.4778
74 3 7 2 2 1 2 2 2 -1 1 0 0 1 1 1.4680
75 1 8 2 2 1 2 2 -1 -1 1 0 0 1 1 0.5149
76 1 1 3 3 1 1 3 -1 -1 1 0 0 1 1 0.6414
77 2 9 1 3 1 1 1 3 -1 1 1 0 0 1 4.0677
78 2 2 3 1 1 1 1 3 -1 1 1 0 0 1 2.8939
79 3 6 3 1 1 1 3 2 -1 1 1 0 0 0 4.5241
80 1 8 2 2 1 1 2 -1 -1 1 0 0 1 1 0.9479
81 3 5 2 2 2 2 2 -1 -1 1 0 0 1 1 0.7002
82 1 8 3 1 2 2 3 1 -1 1 0 0 0 1 19.6930
83 3 7 3 1 1 2 1 3 -1 1 1 0 0 1 5.0377
84 1 8 1 3 2 2 1 3 -1 1 0 0 0 1 19.3292
85 2 9 3 1 1 1 1 3 -1 1 1 0 0 1 3.0319
86 1 1 3 1 1 1 3 2 -1 1 1 0 0 0 4.2794
87 2 2 3 3 1 2 3 3 -1 1 0 0 1 1 1.1141
88 3 6 1 3 2 2 1 3 -1 1 0 0 0 1 13.7476
89 3 1 2 2 1 2 2 1 -1 1 1 0 0 0 4.2563
90 2 2 2 2 1 2 2 2 -1 1 0 0 1 1 1.0698
91 3 7 1 3 1 2 1 3 -1 1 1 0 0 1 5.4118
92 1 8 1 1 1 2 1 -1 -1 1 0 0 1 1 0.4101
93 3 6 2 2 2 2 2 -1 -1 1 0 0 1 1 0.5507
94 2 2 3 1 2 2 1 3 -1 1 1 0 0 1 5.1336
95 1 6 1 3 1 2 1 3 -1 1 1 0 0 1 1.4413
96 3 6 1 1 1 2 1 1 -1 1 0 0 1 1 1.4392
97 1 8 1 3 1 1 1 3 -1 1 0 0 0 1 18.2910
98 1 1 1 3 2 2 3 1 -1 1 1 0 0 1 5.7867
99 2 5 1 3 2 2 1 3 -1 1 1 0 0 1 6.7034
100 2 9 3 3 1 2 3 3 -1 1 0 0 1 1 0.6868
101 1 6 1 1 1 2 1 1 -1 0 1 0 1 1 2.9600
102 3 1 3 3 1 2 3 3 -1 1 0 0 1 1 2.0224
103 1 8 1 1 1 1 1 -1 -1 1 0 0 1 1 1.7992
104 1 4 2 2 1 2 2 -1 -1 1 0 0 1 1 0.6527
105 1 6 1 3 2 2 1 3 -1 1 0 0 0 1 6.4865
106 2 2 1 3 1 1 1 3 -1 1 1 0 0 1 2.7805
107 2 9 1 3 2 2 1 3 -1 1 1 0 0 1 1.3189
108 3 5 3 3 1 2 3 3 -1 1 0 0 1 1 0.9283
109 3 6 2 2 1 2 2 2 -1 1 0 0 1 1 2.0696
110 3 5 2 2 1 2 2 2 -1 1 0 0 1 1 0.9138
