Ear: R
Audiogram left  : NA
Audiogram right : NA
# Keys:
# Consonant_ID  : d=1 g=2 l=3 f=4 th=5 jh=6 p=7 sh=8 t=9 
# Vowel_ID      : IH=1 EH=2 AE=3 
# F0_ID         : high_f0=1 low_f0=2 # Columns       : Trial Consonant_1_ID Consonant_2_ID Vowel_ID F0_ID Heard_Consonant Answer_vowel Correct Time_elapsed
1 3 7 2 1 1 2 1 0.1638
2 3 5 2 1 1 1 0 0.6389
3 1 8 1 2 1 1 1 0.3176
4 3 1 3 1 1 3 1 1.1107
5 2 5 2 1 1 2 1 0.1048
6 2 9 2 2 1 2 1 0.3805
7 3 6 1 2 1 1 1 0.4031
8 2 5 3 1 1 3 1 0.4452
9 1 4 2 1 1 2 1 0.3752
10 2 2 1 1 1 1 1 0.4076
11 3 1 2 2 1 2 1 1.0981
12 3 5 1 1 1 1 1 0.4215
13 1 1 3 1 1 3 1 0.3386
14 1 1 1 1 1 1 1 0.4701
15 1 6 3 2 1 3 1 0.3588
16 1 6 3 1 1 3 1 0.4399
17 1 1 2 2 1 2 1 0.3588
18 3 7 1 2 1 1 1 1.2829
19 1 4 3 2 1 2 0 0.2910
20 1 6 2 2 1 2 1 0.3909
21 3 5 1 2 1 1 1 0.4417
22 1 8 1 1 1 1 1 0.3807
23 2 9 3 1 1 3 1 0.4209
24 2 5 2 2 1 2 1 0.7602
25 2 9 1 1 1 1 1 0.4904
26 2 5 3 2 1 3 1 1.0401
27 3 5 3 2 1 2 0 0.4923
28 3 6 3 1 1 3 1 0.2170
29 2 2 3 2 1 3 1 0.4413
30 1 1 2 1 1 2 1 0.5104
31 3 6 1 1 1 1 1 0.5120
32 3 7 1 1 1 1 1 0.4552
33 1 6 1 2 1 1 1 1.4704
34 3 6 3 2 1 3 1 1.4445
35 3 1 2 1 1 2 1 0.4451
36 3 1 1 1 1 1 1 0.4600
37 3 7 3 1 1 3 1 0.5098
38 2 2 3 1 1 3 1 0.4005
39 1 6 1 1 1 1 1 0.7563
40 2 2 2 1 1 2 1 0.4408
41 3 7 3 2 1 3 1 0.3251
42 3 1 3 2 1 2 0 0.3685
43 2 9 2 1 1 2 1 0.6860
44 3 7 2 2 1 1 0 0.3952
45 1 8 2 2 1 2 1 0.5050
46 1 8 2 1 1 2 1 0.5203
47 1 4 1 2 1 1 1 0.7869
48 1 8 3 1 1 2 0 0.3599
49 1 6 2 1 1 2 1 0.6720
50 3 6 2 1 1 2 1 0.3576
51 2 9 3 2 1 3 1 0.1233
52 1 4 3 1 1 2 0 0.4888
53 3 6 2 2 1 2 1 0.6846
54 2 9 1 2 1 1 1 0.8491
55 1 1 3 2 1 3 1 0.4616
56 1 4 2 2 1 2 1 0.4869
57 2 5 1 2 1 1 1 0.7533
58 3 1 1 2 1 1 1 0.6726
59 2 2 1 2 1 1 1 0.6864
60 1 8 3 2 1 3 1 0.8592
61 3 5 2 2 1 2 1 0.9298
62 2 2 2 2 1 2 1 0.3060
63 1 4 1 1 1 1 1 0.3889
64 3 5 3 1 1 2 0 0.5525
65 1 1 1 2 1 1 1 0.6400
66 2 5 1 1 1 1 1 0.4938
