Ear: B
Audiogram left  : NA
Audiogram right : NA
# Keys:
# Consonant_ID  : d=1 g=2 l=3 f=4 th=5 jh=6 p=7 sh=8 t=9 
# Vowel_ID      : IH=1 EH=2 AE=3 
# F0_ID         : high_f0=1 low_f0=2 
# Columns       : Trial Con1 Con2 V1 V2 F01 F02 Ans1V Ans2V Ans3V Ans1C Ans2C Ans3C OneType BothOK RT
1 3 1 3 1 1 2 2 1 -1 1 1 0 0 0 4.4238
2 1 4 1 3 1 1 1 3 -1 1 0 0 0 1 6.2201
3 1 6 2 2 1 2 2 2 -1 1 0 0 1 1 1.2645
4 1 8 3 3 1 2 2 3 -1 1 0 0 0 0 2.6115
5 2 5 3 1 1 2 1 1 -1 1 0 0 1 0 4.0739
6 2 2 1 3 1 2 1 3 -1 1 0 0 0 1 6.1310
7 3 6 1 3 1 1 1 3 -1 1 0 0 0 1 3.5256
8 3 5 3 1 2 2 3 1 -1 1 1 0 0 1 5.1299
9 3 1 3 1 1 1 1 3 -1 1 1 0 0 1 2.9242
10 2 9 2 2 1 2 2 2 -1 1 0 0 1 1 1.4666
11 3 6 3 1 2 2 3 1 -1 1 1 0 0 1 2.7451
12 2 5 1 3 1 2 1 2 -1 1 1 0 0 0 6.8955
13 3 1 1 3 1 1 1 3 -1 1 1 0 0 1 2.5496
14 3 7 1 3 2 2 1 3 -1 1 0 0 0 1 2.8464
15 2 9 1 3 1 2 1 3 -1 1 0 0 0 1 3.7779
16 3 5 3 1 1 2 1 2 -1 1 1 0 0 0 2.1615
17 3 5 1 3 2 2 1 3 -1 1 0 0 0 1 1.8439
18 1 6 3 1 1 2 3 1 -1 1 1 0 0 1 2.7796
19 3 7 3 1 1 1 1 3 -1 1 1 0 0 1 3.9631
20 3 1 1 3 2 2 1 3 -1 1 0 0 0 1 4.4374
21 2 9 3 1 2 2 3 1 -1 1 1 0 0 1 1.8060
22 2 5 3 3 1 2 3 3 -1 1 0 0 1 1 1.2304
23 2 2 3 1 1 2 1 3 -1 1 1 0 0 1 3.8480
24 1 6 3 1 1 1 3 2 -1 1 1 0 0 0 5.5664
25 1 4 1 1 1 2 1 -1 -1 1 0 0 1 1 1.1022
26 3 1 1 1 1 2 1 1 -1 1 0 0 1 1 1.9276
27 2 5 3 1 1 1 1 3 -1 1 1 0 0 1 6.7497
28 1 6 1 3 1 1 1 3 -1 1 1 0 0 1 2.7696
29 3 6 3 3 1 2 3 3 -1 1 0 0 1 1 1.7260
30 1 8 3 1 1 1 1 2 -1 1 1 0 0 0 7.2792
31 1 1 1 3 1 2 2 3 -1 1 0 0 0 0 3.1381
32 1 4 1 3 2 2 1 3 -1 1 0 0 0 1 3.1806
33 1 1 3 3 1 2 3 3 -1 1 0 0 1 1 1.1384
34 3 7 1 1 1 2 1 1 -1 1 0 0 1 1 2.0277
35 1 1 3 1 2 2 3 1 -1 1 0 0 0 1 2.6687
36 2 9 2 2 1 1 2 -1 -1 1 0 0 1 1 0.7969
37 2 9 3 3 1 1 3 -1 -1 1 0 0 1 1 1.3668
38 1 8 1 3 1 2 1 3 -1 1 0 0 0 1 5.8804
39 1 4 3 1 1 1 2 1 -1 1 0 0 0 0 6.6588
40 3 5 1 3 1 1 1 3 -1 1 0 0 0 1 1.9168
41 1 4 1 3 1 2 1 3 -1 1 0 0 0 1 4.7711
42 2 2 1 1 1 2 1 1 -1 1 0 0 1 1 2.4790
43 1 6 2 2 2 2 2 -1 -1 1 0 0 1 1 0.7668
44 3 1 1 3 1 2 1 3 -1 1 1 0 0 1 5.4158
45 3 5 3 1 1 1 3 1 -1 1 1 0 0 1 4.7939
46 2 9 3 1 1 2 3 1 -1 1 1 0 0 1 1.4342
47 2 5 1 3 1 1 1 3 -1 1 1 0 0 1 1.7317
48 3 5 3 3 2 2 3 -1 -1 1 0 0 1 1 0.9772
49 2 2 1 3 2 2 1 3 -1 1 1 0 0 1 6.3753
50 1 1 3 1 1 2 1 3 -1 1 1 0 0 1 3.5447
51 2 5 3 1 2 2 3 1 -1 1 1 0 0 1 2.3895
52 1 8 3 1 1 2 3 1 -1 1 0 0 0 1 2.8816
53 1 4 3 3 1 2 3 3 -1 1 0 0 1 1 1.0678
54 3 6 1 3 1 2 1 3 -1 1 0 0 0 1 1.4274
55 1 4 3 1 1 2 1 1 -1 1 0 0 1 0 2.5862
56 2 5 2 2 1 1 2 -1 -1 1 0 0 1 1 0.6489
57 1 6 3 1 2 2 3 1 -1 1 1 0 0 1 1.6433
58 2 5 2 2 1 2 2 2 -1 1 0 0 1 1 1.8093
59 3 7 3 3 1 2 2 2 -1 1 0 0 1 0 2.7776
60 3 7 1 3 1 1 1 3 -1 1 1 0 0 1 2.4552
61 3 7 3 1 2 2 3 1 -1 1 1 0 0 1 1.5283
62 3 6 3 1 1 2 1 1 -1 1 0 0 1 0 2.7876
63 1 1 2 2 1 2 2 2 -1 1 0 0 1 1 1.0633
64 3 5 1 1 1 2 1 1 -1 1 0 0 1 1 1.1338
65 2 5 1 1 1 2 1 1 -1 1 0 0 1 1 2.5668
66 1 1 1 3 1 1 3 2 -1 0 1 0 0 0 5.4485
67 1 4 3 1 2 2 1 1 -1 1 0 0 1 0 4.3210
68 3 1 3 1 2 2 3 1 -1 1 0 0 0 1 7.5431
69 3 5 1 3 1 2 1 3 -1 1 0 0 0 1 1.8266
70 1 6 3 3 1 2 3 3 -1 1 0 0 1 1 1.2788
71 1 1 1 1 1 2 1 2 -1 1 1 0 0 0 1.8651
72 2 9 1 1 1 2 1 1 -1 1 0 0 1 1 3.5063
73 3 1 1 1 2 2 1 -1 -1 1 0 0 1 1 0.8622
74 3 7 2 2 1 2 2 2 -1 1 0 0 1 1 1.3374
75 1 8 2 2 1 2 2 -1 -1 1 0 0 1 1 0.5548
76 1 1 3 3 1 1 3 -1 -1 1 0 0 1 1 0.6733
77 2 9 1 3 1 1 1 3 -1 1 0 0 0 1 5.5588
78 2 2 3 1 1 1 3 1 -1 1 1 0 0 1 3.6736
79 3 6 3 1 1 1 1 3 -1 1 0 0 0 1 2.3004
80 1 8 2 2 1 1 2 -1 -1 1 0 0 1 1 1.4418
81 3 5 2 2 2 2 2 -1 -1 1 0 0 1 1 0.5253
82 1 8 3 1 2 2 1 1 -1 1 0 0 1 0 5.0610
83 3 7 3 1 1 2 3 1 -1 1 1 0 0 1 3.1385
84 1 8 1 3 2 2 3 1 -1 1 1 0 0 1 2.9723
85 2 9 3 1 1 1 3 1 -1 1 1 0 0 1 2.0774
86 1 1 3 1 1 1 3 1 -1 1 0 0 0 1 1.9015
87 2 2 3 3 1 2 3 3 -1 1 0 0 1 1 1.2327
88 3 6 1 3 2 2 1 3 -1 1 0 0 0 1 1.6627
89 3 1 2 2 1 2 2 3 -1 1 0 0 0 0 3.4669
90 2 2 2 2 1 2 2 2 -1 1 0 0 1 1 1.3761
91 3 7 1 3 1 2 1 3 -1 1 1 0 0 1 1.4842
92 1 8 1 1 1 2 1 -1 -1 1 0 0 1 1 0.7032
93 3 6 2 2 2 2 2 -1 -1 1 0 0 1 1 1.3175
94 2 2 3 1 2 2 3 1 -1 1 1 0 0 1 5.7658
95 1 6 1 3 1 2 1 3 -1 1 1 0 0 1 1.6692
96 3 6 1 1 1 2 1 1 -1 1 0 0 1 1 1.3607
97 1 8 1 3 1 1 3 1 -1 1 1 0 0 1 1.9502
98 1 1 1 3 2 2 1 3 -1 1 0 0 0 1 1.8716
99 2 5 1 3 2 2 1 3 -1 1 1 0 0 1 1.9808
100 2 9 3 3 1 2 3 3 -1 1 0 0 1 1 1.1099
101 1 6 1 1 1 2 1 2 -1 1 1 0 0 0 1.3209
102 3 1 3 3 1 2 3 3 -1 1 0 0 1 1 1.0337
103 1 8 1 1 1 1 1 -1 -1 1 0 0 1 1 1.5516
104 1 4 2 2 1 2 2 -1 -1 1 0 0 1 1 0.5725
105 1 6 1 3 2 2 1 3 -1 1 0 0 0 1 5.0820
106 2 2 1 3 1 1 1 3 -1 1 1 0 0 1 4.7729
107 2 9 1 3 2 2 1 3 -1 1 1 0 0 1 2.3342
108 3 5 3 3 1 2 2 3 -1 1 1 0 0 0 2.3811
109 3 6 2 2 1 2 2 2 -1 0 1 0 1 1 2.0223
110 3 5 2 2 1 2 2 1 -1 1 0 0 0 0 2.0883
