Ear: L
Audiogram left  : NA
Audiogram right : NA
# Keys:
# Consonant_ID  : d=1 g=2 l=3 f=4 th=5 jh=6 p=7 sh=8 t=9 
# Vowel_ID      : IH=1 EH=2 AE=3 
# F0_ID         : high_f0=1 low_f0=2 # Columns       : Trial Consonant_1_ID Consonant_2_ID Vowel_ID F0_ID Heard_Consonant Answer_vowel Correct Time_elapsed
1 1 6 3 2 1 3 1 6.8498
2 2 2 1 1 1 1 1 2.8756
3 2 9 1 1 1 1 1 0.1233
4 3 6 2 1 1 2 1 0.6616
5 2 2 2 1 1 2 1 0.5714
6 2 9 2 2 1 2 1 0.3661
7 1 1 1 2 1 1 1 0.4562
8 2 9 1 2 1 1 1 0.2542
9 2 2 1 2 1 1 1 0.2169
10 1 4 1 1 1 1 1 1.7718
11 1 6 1 2 1 1 1 0.1643
12 2 5 2 2 1 2 1 0.7855
13 1 4 3 2 1 2 0 0.1632
14 3 7 1 1 1 1 1 0.0725
15 3 5 2 2 1 2 1 0.2989
16 1 8 1 1 1 1 1 0.5215
17 3 7 1 2 1 1 1 0.4584
18 1 1 3 1 1 3 1 0.7074
19 1 1 2 2 1 2 1 0.4923
20 3 1 3 1 1 3 1 0.0713
21 2 9 3 1 1 3 1 0.3291
22 3 6 1 1 1 1 1 0.4646
23 1 4 1 2 1 1 1 1.9243
24 3 5 3 1 1 3 1 0.8525
25 3 7 2 1 1 2 1 0.4393
26 3 5 1 1 1 1 1 2.0890
27 3 1 2 2 1 2 1 1.0982
28 2 2 2 2 1 2 1 0.9118
29 1 6 1 1 1 1 1 0.4812
30 1 4 2 2 1 2 1 0.5892
31 1 8 2 1 1 2 1 0.4475
32 1 1 2 1 1 2 1 0.3886
33 1 6 2 1 1 2 1 0.7358
34 3 7 3 2 1 3 1 0.8790
35 1 8 1 2 1 1 1 1.0082
36 1 4 3 1 1 3 1 0.4217
37 3 6 3 1 1 3 1 0.2273
38 2 5 3 1 1 3 1 0.4800
39 1 4 2 1 1 2 1 0.3974
40 2 5 3 2 1 3 1 0.2977
41 3 5 1 2 1 1 1 0.7556
42 2 9 3 2 1 3 1 0.3889
43 2 2 3 1 1 3 1 0.5136
44 3 1 1 2 1 1 1 0.5495
45 3 5 3 2 1 2 0 0.4913
46 1 8 3 2 1 3 1 0.6244
47 3 7 3 1 1 2 0 0.4764
48 3 6 1 2 1 1 1 0.3982
49 3 1 2 1 1 2 1 0.8997
50 3 1 3 2 1 2 0 0.5218
51 1 1 3 2 1 2 0 0.5906
52 3 6 3 2 1 3 1 0.5223
53 3 7 2 2 1 2 1 0.8192
54 3 6 2 2 1 2 1 0.4273
55 2 2 3 2 1 3 1 0.1630
56 1 1 1 1 1 1 1 0.4300
57 1 6 3 1 1 3 1 0.2259
58 2 5 1 2 1 1 1 0.3390
59 3 1 1 1 1 1 1 0.4393
60 2 5 1 1 1 1 1 0.0611
61 1 6 2 2 1 2 1 0.5313
62 1 8 2 2 1 2 1 0.3867
63 2 5 2 1 1 2 1 0.3883
64 1 8 3 1 1 3 1 0.4501
65 2 9 2 1 1 2 1 0.4216
66 3 5 2 1 1 2 1 0.9880
