Ear: R
Audiogram left  : NA
Audiogram right : NA
# Keys:
# Consonant_ID  : d=1 g=2 l=3 f=4 th=5 jh=6 p=7 sh=8 t=9 
# Vowel_ID      : IH=1 EH=2 AE=3 
# F0_ID         : high_f0=1 low_f0=2 # Columns       : Trial Consonant_1_ID Consonant_2_ID Vowel_ID F0_ID Heard_Consonant Answer_vowel Correct Time_elapsed
1 1 4 1 1 1 1 1 1.3152
2 1 4 3 1 1 3 1 0.4130
3 3 1 3 2 1 2 0 0.1657
4 2 9 2 1 1 2 1 0.6623
5 2 2 2 1 1 2 1 0.0505
6 2 9 1 2 1 1 1 0.8228
7 3 6 2 1 1 2 1 0.4321
8 1 1 1 2 1 1 1 0.4796
9 3 5 3 1 1 2 0 0.4735
10 2 5 3 2 1 2 0 0.3589
11 2 5 1 1 1 1 1 0.3283
12 3 5 3 2 1 2 0 0.2366
13 1 8 3 2 1 3 1 1.0990
14 1 6 2 2 1 2 1 0.4569
15 1 4 2 2 1 2 1 0.0322
16 3 1 3 1 1 3 1 0.1832
17 2 2 1 1 1 1 1 0.0815
18 3 5 2 1 1 2 1 0.4821
19 2 2 3 1 1 3 1 0.6845
20 2 9 3 2 1 3 1 0.4983
21 3 5 1 1 1 1 1 0.2496
22 1 8 2 1 1 2 1 0.4080
23 2 9 3 1 1 3 1 0.3050
24 3 5 1 2 1 1 1 0.3709
25 3 1 1 1 1 1 1 0.4202
26 3 6 2 2 1 2 1 0.3683
27 3 6 3 2 1 3 1 1.6639
28 3 7 2 1 1 2 1 0.4506
29 3 7 2 2 1 2 1 0.2798
30 3 1 2 2 1 2 1 1.5444
31 1 6 2 1 1 2 1 0.3593
32 2 5 3 1 1 3 1 0.0106
33 2 9 1 1 1 1 1 0.1552
34 3 6 3 1 1 3 1 0.6478
35 1 1 2 1 1 2 1 0.4006
36 1 6 3 2 1 3 1 0.6554
37 2 2 2 2 1 2 1 0.4171
38 1 4 2 1 1 2 1 0.9094
39 3 6 1 1 1 1 1 0.5754
40 1 1 3 2 1 3 1 1.0170
41 1 6 3 1 1 3 1 0.4249
42 3 7 1 1 1 1 1 0.4996
43 1 4 1 2 1 1 1 0.4823
44 3 7 1 2 1 1 1 0.5432
45 1 1 2 2 1 2 1 0.3868
46 1 8 1 2 1 1 1 0.8385
47 3 5 2 2 1 1 0 0.1964
48 3 7 3 1 1 2 0 0.0706
49 1 8 3 1 1 2 0 0.2885
50 2 5 2 2 1 2 1 0.6117
51 1 1 3 1 1 3 1 0.3064
52 1 6 1 2 1 1 1 0.3679
53 1 6 1 1 1 1 1 0.5206
54 1 8 2 2 1 2 1 0.3995
55 3 7 3 2 1 3 1 0.4830
56 1 4 3 2 1 3 1 0.6441
57 2 5 1 2 1 1 1 0.4391
58 2 9 2 2 1 2 1 0.0407
59 3 1 1 2 1 1 1 0.1735
60 1 8 1 1 1 1 1 0.4796
61 1 1 1 1 1 1 1 0.3393
62 3 6 1 2 1 1 1 0.5741
63 2 5 2 1 1 2 1 0.3387
64 2 2 3 2 1 3 1 1.1880
65 2 2 1 2 1 1 1 0.3775
66 3 1 2 1 1 2 1 0.9010
