Ear: B
Audiogram left  : NA
Audiogram right : NA
# Keys:
# Consonant_ID  : d=1 g=2 l=3 f=4 th=5 jh=6 p=7 sh=8 t=9 
# Vowel_ID      : IH=1 EH=2 AE=3 
# F0_ID         : high_f0=1 low_f0=2 # Columns       : Trial Consonant_1_ID Consonant_2_ID Vowel_ID F0_ID Heard_Consonant Answer_vowel Correct Time_elapsed
1 3 1 1 1 1 1 1 0.4581
2 1 6 2 1 1 2 1 0.8065
3 1 6 1 2 1 1 1 0.3089
4 1 4 3 1 1 2 0 0.2455
5 3 7 3 1 1 2 0 0.1880
6 1 1 1 1 1 1 1 0.4186
7 1 6 1 1 1 1 1 0.6497
8 3 5 1 1 1 1 1 0.5335
9 1 4 1 2 1 1 1 0.5403
10 1 8 2 1 1 2 1 0.7006
11 2 9 2 1 1 2 1 0.9527
12 2 5 2 2 1 2 1 1.4929
13 1 1 2 2 1 2 1 0.5291
14 2 9 3 1 1 3 1 0.9695
15 1 1 3 1 1 2 0 0.5541
16 1 1 1 2 1 1 1 0.8594
17 1 8 3 1 1 2 0 0.6054
18 3 5 2 2 1 1 0 0.4801
19 1 1 2 1 1 2 1 0.9054
20 2 5 2 1 1 2 1 0.7464
21 1 8 1 1 1 1 1 0.6155
22 3 5 3 2 1 2 0 1.4230
23 1 8 3 2 1 2 0 2.0506
24 2 2 1 1 1 1 1 0.5601
25 1 6 3 2 1 3 1 0.8179
26 3 1 1 2 1 1 1 0.5345
27 3 1 3 1 1 3 1 0.9675
28 3 6 1 2 1 1 1 0.3113
29 1 6 3 1 1 3 1 0.6528
30 1 4 2 1 1 2 1 0.5143
31 2 9 3 2 1 3 1 1.1178
32 3 7 2 2 1 2 1 0.6144
33 3 6 3 1 1 3 1 0.9612
34 3 5 2 1 1 2 1 0.6769
35 2 5 3 1 1 2 0 0.6064
36 2 5 1 2 1 1 1 0.4919
37 1 6 2 2 1 2 1 0.3456
38 3 7 1 1 1 1 1 1.4027
39 2 2 1 2 1 1 1 0.5995
40 3 5 3 1 1 2 0 0.0639
41 2 2 2 1 1 1 0 0.0104
42 3 5 1 2 1 1 1 1.2777
43 1 8 2 2 1 2 1 0.9652
44 2 2 2 2 1 2 1 0.6631
45 1 1 3 2 1 3 1 1.0274
46 3 7 3 2 1 2 0 0.3408
47 3 1 2 2 1 2 1 0.5418
48 2 5 1 1 1 1 1 0.6853
49 2 9 2 2 1 2 1 0.6012
50 2 9 1 2 1 1 1 1.0225
51 3 7 1 2 1 1 1 0.6152
52 1 4 3 2 1 2 0 1.7699
53 1 8 1 2 1 1 1 0.5599
54 3 6 1 1 1 1 1 0.5607
55 3 7 2 1 1 2 1 1.2772
56 3 1 3 2 1 3 1 2.1719
57 1 4 1 1 1 1 1 0.7588
58 3 6 2 1 1 2 1 0.8166
59 2 9 1 1 1 1 1 0.2383
60 2 5 3 2 1 3 1 0.9045
61 1 4 2 2 1 2 1 0.7773
62 3 6 2 2 1 2 1 0.5695
63 3 6 3 2 1 3 1 0.5625
64 2 2 3 2 1 3 1 1.1058
65 2 2 3 1 1 2 0 0.5320
66 3 1 2 1 1 2 1 0.8801
