Ear: B
Audiogram left  : NA
Audiogram right : NA
# Keys:
# Consonant_ID  : d=1 g=2 l=3 f=4 th=5 jh=6 p=7 sh=8 t=9 
# Vowel_ID      : IH=1 EH=2 AE=3 
# F0_ID         : high_f0=1 low_f0=2 # Columns       : Trial Consonant_1_ID Consonant_2_ID Vowel_ID F0_ID Heard_Consonant Answer_vowel Correct Time_elapsed
1 1 1 3 1 1 3 1 1.5758
2 1 6 3 2 1 3 1 1.1754
3 3 6 1 1 1 1 1 0.0721
4 2 9 3 1 1 3 1 0.0553
5 1 8 2 1 1 2 1 2.3942
6 1 4 3 2 1 2 0 1.6501
7 3 7 2 2 1 2 1 1.5196
8 3 5 1 1 1 1 1 0.8138
9 3 7 1 2 1 1 1 0.7649
10 1 1 1 2 1 1 1 1.5891
11 2 9 2 2 1 2 1 0.9509
12 3 5 2 1 1 2 1 2.4109
13 3 5 3 1 1 3 1 1.6069
14 2 9 1 2 1 1 1 2.4013
15 3 1 1 2 1 1 1 0.9921
16 1 8 3 1 1 3 1 2.0563
17 1 4 1 2 1 1 1 1.5769
18 1 8 2 2 1 2 1 2.7153
19 1 4 2 1 1 2 1 1.9162
20 2 9 3 2 1 3 1 1.5085
21 1 6 2 2 1 2 1 1.7005
22 2 5 1 1 1 1 1 0.9522
23 3 6 1 2 1 1 1 0.7421
24 3 7 3 2 1 2 0 1.2669
25 3 6 2 2 1 2 1 1.5210
26 2 5 1 2 1 1 1 0.7328
27 1 6 2 1 1 2 1 0.8487
28 2 5 3 1 1 3 1 0.7549
29 3 1 3 1 1 2 0 2.7099
30 2 2 3 2 1 2 0 2.6096
31 2 2 2 1 1 1 0 1.2094
32 1 6 3 1 1 3 1 1.0508
33 3 1 1 1 1 1 1 0.5535
34 1 1 1 1 1 1 1 0.5939
35 3 7 2 1 1 2 1 2.4948
36 1 1 2 1 1 2 1 0.8380
37 1 8 1 2 1 1 1 2.5905
38 3 1 3 2 1 2 0 1.6114
39 1 4 2 2 1 2 1 2.6355
40 3 6 3 1 1 3 1 1.4551
41 3 7 3 1 1 2 0 0.6920
42 2 9 1 1 1 1 1 1.4587
43 2 5 3 2 1 2 0 0.7889
44 1 1 3 2 1 3 1 2.1246
45 3 1 2 2 1 2 1 0.9210
46 2 2 1 1 1 1 1 0.8489
47 3 6 3 2 1 3 1 0.9366
48 2 2 2 2 1 2 1 1.5150
49 3 7 1 1 1 1 1 0.6980
50 2 2 3 1 1 2 0 1.2660
51 1 6 1 2 1 1 1 0.7997
52 1 8 3 2 1 3 1 1.0002
53 2 2 1 2 1 1 1 1.1545
54 3 6 2 1 1 2 1 2.1524
55 2 9 2 1 1 1 0 0.6565
56 3 5 3 2 1 2 0 0.6917
57 2 5 2 2 1 2 1 0.4805
58 3 1 2 1 1 1 0 0.6442
59 1 4 3 1 1 2 0 0.9321
60 1 1 2 2 1 2 1 1.6640
61 2 5 2 1 1 2 1 0.8972
62 1 6 1 1 1 1 1 1.6919
63 3 5 1 2 1 1 1 0.6792
64 1 4 1 1 1 1 1 0.8987
65 1 8 1 1 1 1 1 1.1538
66 3 5 2 2 1 1 0 1.5794
