Ear: B
Audiogram left  : NA
Audiogram right : NA
# Keys:
# Consonant_ID  : d=1 g=2 l=3 f=4 th=5 jh=6 p=7 sh=8 t=9 
# Vowel_ID      : IH=1 EH=2 AE=3 
# F0_ID         : high_f0=1 low_f0=2 # Columns       : Trial Consonant_1_ID Consonant_2_ID Vowel_ID F0_ID Heard_Consonant Answer_vowel Correct Time_elapsed
1 3 7 2 1 1 2 1 1.3616
2 1 6 1 1 1 1 1 1.3194
3 2 2 1 1 1 1 1 1.5436
4 1 8 1 2 1 1 1 1.1197
5 2 5 2 1 1 2 1 1.0609
6 3 6 3 1 1 3 1 0.9508
7 3 1 3 1 1 3 1 0.8122
8 1 4 3 2 1 2 0 0.8186
9 3 7 3 1 1 2 0 0.7236
10 2 5 2 2 1 2 1 0.5135
11 3 6 1 2 1 1 1 0.5221
12 3 5 3 2 1 2 0 0.6362
13 1 4 1 1 1 1 1 0.5542
14 2 9 1 1 1 1 1 0.9677
15 1 6 3 1 1 3 1 0.8895
16 1 4 2 1 1 1 0 2.3031
17 2 5 3 2 1 2 0 1.0298
18 2 2 2 1 1 1 0 0.6767
19 1 1 3 2 1 3 1 1.0968
20 3 6 1 1 1 1 1 1.3935
21 2 9 2 1 1 1 0 0.7273
22 3 1 2 2 1 2 1 0.6064
23 1 8 2 1 1 2 1 1.0079
24 3 6 2 2 1 2 1 0.6734
25 3 6 3 2 1 3 1 1.3455
26 1 4 3 1 1 2 0 0.6752
27 3 5 3 1 1 3 1 0.7663
28 1 6 1 2 1 1 1 0.5959
29 3 5 1 1 1 1 1 1.0946
30 2 2 2 2 1 2 1 1.2719
31 3 1 3 2 1 3 1 2.2115
32 2 9 3 1 1 3 1 0.8634
33 1 8 3 1 1 2 0 0.6780
34 2 9 1 2 1 1 1 1.9302
35 1 6 3 2 1 3 1 2.1985
36 3 6 2 1 1 2 1 0.8074
37 1 8 1 1 1 1 1 1.3391
38 1 6 2 2 1 2 1 1.1474
39 2 5 1 2 1 1 1 0.9501
40 3 1 1 2 1 1 1 0.6572
41 1 1 1 1 1 1 1 0.7682
42 1 4 2 2 1 2 1 1.6152
43 3 1 2 1 1 1 0 1.6089
44 2 9 3 2 1 3 1 1.7360
45 1 1 3 1 1 3 1 0.7230
46 1 6 2 1 1 2 1 0.7788
47 3 5 1 2 1 1 1 1.6952
48 2 2 3 2 1 3 1 0.8099
49 1 1 1 2 1 1 1 1.0858
50 2 9 2 2 1 2 1 0.9949
51 1 1 2 2 1 2 1 0.6561
52 3 5 2 1 1 1 0 0.9094
53 1 8 3 2 1 3 1 0.9280
54 3 7 2 2 1 2 1 1.0384
55 2 5 1 1 1 1 1 0.5332
56 2 5 3 1 1 3 1 1.1562
57 3 7 3 2 1 2 0 0.5499
58 2 2 1 2 1 1 1 0.5600
59 1 8 2 2 1 2 1 0.9493
60 3 1 1 1 1 1 1 0.8754
61 3 5 2 2 1 2 1 0.5106
62 1 1 2 1 1 2 1 0.8284
63 3 7 1 2 1 1 1 1.8600
64 1 4 1 2 1 1 1 0.8738
65 3 7 1 1 1 1 1 0.9778
66 2 2 3 1 1 2 0 0.4715
