Ear: L
Audiogram left  : NA
Audiogram right : NA
# Keys:
# Consonant_ID  : d=1 g=2 l=3 f=4 th=5 jh=6 p=7 sh=8 t=9 
# Vowel_ID      : IH=1 EH=2 AE=3 
# F0_ID         : high_f0=1 low_f0=2 # Columns       : Trial Consonant_1_ID Consonant_2_ID Vowel_ID F0_ID Heard_Consonant Answer_vowel Correct Time_elapsed
1 1 1 2 2 1 2 1 0.3254
2 3 5 3 2 1 3 1 0.4804
3 1 1 2 1 1 2 1 4.4519
4 1 4 1 1 1 1 1 0.4327
5 3 6 1 1 1 1 1 0.9121
6 1 4 3 1 1 2 0 2.1578
7 3 6 3 1 1 3 1 0.7664
8 3 1 1 1 1 1 1 0.4990
9 3 7 2 1 1 2 1 0.5314
10 2 9 2 2 1 2 1 0.5650
11 3 7 3 1 1 2 0 0.6819
12 1 4 1 2 1 1 1 0.6062
13 3 1 3 2 1 2 0 0.4732
14 2 9 2 1 1 2 1 0.8642
15 2 2 1 1 1 1 1 0.4176
16 1 4 3 2 1 2 0 2.0831
17 3 5 2 2 1 1 0 0.5023
18 1 1 1 2 1 1 1 0.4711
19 2 9 1 1 1 1 1 0.8341
20 3 5 2 1 1 1 0 0.5608
21 1 6 1 1 1 1 1 0.7049
22 3 6 1 2 1 1 1 0.7436
23 3 1 3 1 1 3 1 1.4154
24 1 1 3 2 1 3 1 0.4966
25 3 6 2 1 1 2 1 0.5834
26 1 6 2 2 1 2 1 0.8426
27 2 9 3 2 1 3 1 0.3931
28 2 2 3 1 1 3 1 0.3712
29 1 6 3 1 1 3 1 0.9288
30 3 1 2 1 1 1 0 0.4785
31 2 5 1 1 1 1 1 0.4733
32 3 7 1 2 1 1 1 0.4902
33 2 9 3 1 1 3 1 0.4514
34 1 6 1 2 1 1 1 0.9839
35 3 1 2 2 1 2 1 0.5201
36 3 7 3 2 1 3 1 0.5391
37 2 5 3 1 1 3 1 0.5614
38 2 5 2 2 1 2 1 1.0490
39 1 4 2 1 1 2 1 0.7162
40 1 8 2 2 1 2 1 0.5639
41 1 8 1 2 1 1 1 2.2010
42 1 8 3 2 1 3 1 0.7456
43 1 8 3 1 1 3 1 1.7800
44 3 5 1 2 1 1 1 0.4601
45 3 7 2 2 1 2 1 0.5013
46 1 6 3 2 1 3 1 0.7417
47 3 5 1 1 1 1 1 0.4779
48 1 8 2 1 1 2 1 0.4414
49 2 5 1 2 1 1 1 0.8179
50 1 8 1 1 1 1 1 0.7243
51 2 2 2 2 1 2 1 0.5098
52 2 5 2 1 1 2 1 0.4592
53 3 6 2 2 1 2 1 0.3811
54 1 4 2 2 1 2 1 0.9311
55 3 7 1 1 1 1 1 0.6997
56 1 1 1 1 1 1 1 0.1233
57 2 9 1 2 1 1 1 0.4026
58 2 2 1 2 1 1 1 0.2237
59 2 2 3 2 1 3 1 0.6746
60 3 5 3 1 1 3 1 0.4828
61 2 5 3 2 1 3 1 0.4492
62 1 6 2 1 1 2 1 1.2453
63 3 6 3 2 1 3 1 0.1331
64 1 1 3 1 1 3 1 0.2890
65 3 1 1 2 1 1 1 0.6840
66 2 2 2 1 1 2 1 0.4104
