18
125	175	250	375	500	625	750	875	1000	1250	1500	2000	3000	4000	5000	6000	7000	8000	
24.00	35.00	40.00	36.50	37.00	39.00	31.50	30.50	31.50	37.00	37.00	43.00	52.00	51.00	51.00	44.00	45.50	50.50	
24.00	36.00	41.00	41.50	37.00	36.00	40.50	43.50	41.50	52.00	39.00	48.00	51.00	61.00	59.00	53.50	63.50	63.50	

All values in dB SPL:
125	175	250	375	500	625	750	875	1000	1250	1500	2000	3000	4000	5000	6000	7000	8000	
65.00	60.00	60.00	64.00	65.00	64.00	70.00	74.00	75.00	65.00	58.00	59.00	52.00	50.00	45.00	54.50	55.00	50.00	
65.00	59.00	59.00	59.00	65.00	67.00	61.00	61.00	65.00	50.00	56.00	54.00	53.00	40.00	37.00	45.00	37.00	37.00	

Date : 7_16_2025

Time : 12:4:6

Subject ID: NH291

Stimulation Type: Monaural

--------------------------------

