Ear: B
Audiogram left  : NA
Audiogram right : NA
# Keys:
# Consonant_ID  : d=1 g=2 l=3 f=4 th=5 jh=6 p=7 sh=8 t=9 
# Vowel_ID      : IH=1 EH=2 AE=3 
# F0_ID         : high_f0=1 low_f0=2 
# Columns       : Trial Con1 Con2 V1 V2 F01 F02 Ans1V Ans2V Ans3V Ans1C Ans2C Ans3C OneType BothOK RT
1 3 5 1 1 2 1 1 2 -1 1 1 0 0 0 1.7484
2 3 7 2 2 1 2 2 1 -1 1 1 0 0 0 1.4864
3 3 5 3 1 2 2 1 3 -1 1 1 0 0 1 1.7699
4 2 2 1 3 1 2 1 3 -1 1 1 0 0 1 1.5923
5 1 8 1 3 1 2 1 3 -1 1 1 0 0 1 1.3490
6 3 7 1 3 1 1 1 3 -1 1 1 0 0 1 1.1825
7 3 5 1 3 2 1 1 -1 -1 1 0 0 1 0 1.0500
8 3 7 3 1 2 1 1 3 -1 1 1 0 0 1 2.2755
9 2 9 1 3 1 2 1 3 -1 1 1 0 0 1 1.8501
10 3 1 2 2 1 2 2 -1 -1 1 0 0 1 1 1.4827
11 1 6 1 3 1 2 1 3 -1 1 1 0 0 1 1.7911
12 3 1 3 3 2 2 3 -1 -1 1 0 0 1 1 0.9113
13 1 4 3 3 1 2 3 -1 -1 1 0 0 1 1 1.0187
14 1 8 1 1 1 1 1 -1 -1 1 0 0 1 1 0.6673
15 1 1 2 2 2 1 2 -1 -1 1 0 0 1 1 1.0349
16 2 2 2 2 1 2 2 3 -1 1 1 0 0 0 2.0325
17 2 9 1 3 2 2 2 3 -1 1 1 0 0 0 2.6969
18 1 8 1 3 2 1 1 2 -1 1 1 0 0 0 1.3782
19 1 1 1 3 2 2 1 3 -1 1 1 0 0 1 1.6994
20 3 5 3 3 2 1 2 1 -1 1 1 0 0 0 1.8498
21 3 6 3 1 2 2 1 3 -1 1 1 0 0 1 2.2617
22 2 9 3 1 1 2 1 3 -1 1 1 0 0 1 3.3743
23 3 6 1 3 1 2 1 2 -1 1 1 0 0 0 2.9637
24 2 9 3 1 2 1 1 3 -1 1 1 0 0 1 1.8388
25 3 5 1 3 1 2 1 2 -1 1 1 0 0 0 1.2546
26 3 7 1 3 1 2 1 3 -1 1 1 0 0 1 2.1998
27 2 9 3 1 2 2 1 3 -1 1 1 0 0 1 1.4459
28 2 5 3 1 1 2 1 3 -1 1 1 0 0 1 1.3774
29 2 5 1 3 2 2 3 1 -1 1 1 0 0 1 3.4139
30 3 1 1 3 2 1 1 3 -1 1 1 0 0 1 1.3769
31 3 6 1 3 1 1 1 3 -1 1 1 0 0 1 1.2759
32 1 1 1 3 1 1 3 1 -1 1 1 0 0 1 2.2174
33 2 2 1 3 1 1 1 3 -1 1 1 0 0 1 2.3963
34 2 5 1 1 2 2 1 -1 -1 1 0 0 1 1 2.3538
35 3 5 2 2 1 2 1 3 -1 1 1 0 0 0 1.5867
36 1 8 2 2 2 1 2 -1 -1 1 0 0 1 1 0.6043
37 2 2 2 2 1 1 2 -1 -1 1 0 0 1 1 1.0007
38 3 5 2 2 2 1 2 1 -1 1 1 0 0 0 1.0203
39 2 5 1 3 1 1 1 -1 -1 1 0 0 1 0 0.8187
40 3 7 3 3 2 1 3 -1 -1 1 0 0 1 1 0.8167
41 1 4 3 1 1 2 1 -1 -1 1 0 0 1 0 0.7562
42 3 6 1 3 2 1 1 -1 -1 1 0 0 1 0 1.5102
43 1 8 1 1 1 2 1 -1 -1 1 0 0 1 1 1.1115
44 1 1 1 3 1 2 1 3 -1 1 1 0 0 1 1.3455
45 2 9 3 3 2 1 3 1 -1 1 1 0 0 0 1.6604
46 3 7 2 2 1 1 2 -1 -1 1 0 0 1 1 2.7206
47 1 1 1 3 2 1 1 3 -1 1 1 0 0 1 1.6509
48 1 6 3 1 2 1 3 1 -1 1 1 0 0 1 1.7373
49 3 6 1 3 2 2 1 3 -1 1 1 0 0 1 1.3860
50 1 8 3 3 1 1 3 -1 -1 1 0 0 1 1 1.1150
51 2 5 2 2 1 1 2 -1 -1 1 0 0 1 1 0.8891
52 2 9 2 2 1 2 2 3 -1 1 1 0 0 0 2.4836
53 2 5 1 3 2 1 2 1 -1 1 1 0 0 0 1.3203
54 3 5 3 3 1 1 2 -1 -1 1 0 0 1 0 1.8205
55 3 7 1 3 2 1 1 3 -1 1 1 0 0 1 3.2138
56 3 7 3 1 1 2 1 2 -1 1 1 0 0 0 2.1254
57 1 6 1 3 1 1 3 1 -1 1 1 0 0 1 1.7738
58 3 6 3 3 2 1 3 -1 -1 1 0 0 1 1 1.3039
59 2 2 3 1 1 2 1 3 -1 1 1 0 0 1 1.5829
60 2 5 2 2 2 2 2 -1 -1 1 0 0 1 1 0.8840
61 2 2 1 3 2 1 1 2 -1 1 1 0 0 0 3.2774
62 3 1 3 1 2 1 1 3 -1 1 1 0 0 1 2.3046
63 2 9 1 3 1 1 1 3 -1 1 1 0 0 1 1.5766
64 3 1 3 1 1 1 1 2 -1 1 1 0 0 0 1.1650
65 1 1 1 1 2 2 1 -1 -1 1 0 0 1 1 1.0833
66 1 6 2 2 2 1 2 -1 -1 1 0 0 1 1 0.9417
67 2 5 1 3 1 2 3 1 -1 1 1 0 0 1 2.8903
68 1 8 1 3 2 2 1 -1 -1 1 0 0 1 0 0.9488
69 3 7 1 3 2 2 3 1 -1 1 1 0 0 1 1.6593
70 2 2 1 1 1 2 1 -1 -1 1 0 0 1 1 0.9753
71 1 8 1 3 1 1 1 -1 -1 1 0 0 1 0 0.7040
72 1 1 3 1 1 1 1 3 -1 1 1 0 0 1 1.1629
73 1 6 3 1 1 2 3 1 -1 1 1 0 0 1 1.2160
74 1 1 3 3 1 2 3 2 -1 1 1 0 0 0 1.2260
75 3 1 1 3 2 2 2 1 -1 1 1 0 0 0 1.5510
76 3 6 3 3 1 2 3 -1 -1 1 0 0 1 1 1.2405
77 3 6 3 1 2 1 1 3 -1 1 1 0 0 1 2.1172
78 2 2 3 1 2 1 1 3 -1 1 1 0 0 1 1.2467
79 1 6 1 3 2 1 1 3 -1 1 1 0 0 1 1.4036
80 1 8 3 3 2 1 3 -1 -1 1 0 0 1 1 0.7856
81 2 5 1 1 1 2 1 -1 -1 1 0 0 1 1 0.6851
82 1 4 3 1 1 1 1 3 -1 1 1 0 0 1 1.2622
83 1 6 3 3 2 1 3 -1 -1 1 0 0 1 1 2.4201
84 1 4 3 1 2 2 1 3 -1 1 1 0 0 1 1.7177
85 3 5 3 1 2 1 1 3 -1 1 1 0 0 1 1.9025
86 1 4 1 3 2 2 1 3 -1 1 1 0 0 1 1.7527
87 2 2 2 2 2 1 2 -1 -1 1 0 0 1 1 1.1410
88 2 5 3 1 2 2 1 3 -1 1 1 0 0 1 1.7439
89 1 4 2 2 1 2 2 -1 -1 1 0 0 1 1 0.6738
90 3 7 3 3 1 1 3 -1 -1 1 0 0 1 1 0.7135
91 2 9 3 3 1 2 3 -1 -1 1 0 0 1 1 0.7473
92 2 2 3 3 2 1 3 -1 -1 1 0 0 1 1 1.8775
93 1 1 2 2 1 2 2 -1 -1 1 0 0 1 1 0.9385
94 3 5 3 1 1 2 1 3 -1 1 1 0 0 1 1.3203
95 3 6 3 1 1 1 1 3 -1 1 1 0 0 1 1.1427
96 3 7 3 1 1 1 1 -1 -1 1 0 0 1 0 0.5694
97 2 5 2 2 2 1 2 -1 -1 1 0 0 1 1 0.4872
98 3 1 1 3 1 1 2 1 -1 1 1 0 0 0 1.0041
99 1 4 1 3 1 2 1 2 -1 1 1 0 0 0 1.1125
100 3 6 2 2 2 1 1 2 -1 1 1 0 0 0 1.0820
101 3 5 1 3 1 1 1 -1 -1 1 0 0 1 0 1.0546
102 1 8 1 1 2 1 1 3 -1 1 1 0 0 0 2.2005
103 3 7 3 1 2 2 1 2 -1 1 1 0 0 0 1.4086
104 1 1 3 1 1 2 1 3 -1 1 1 0 0 1 1.3547
105 2 2 3 1 1 1 1 -1 -1 1 0 0 1 0 0.8253
106 3 5 3 3 1 2 2 -1 -1 1 0 0 1 0 0.5499
107 3 1 1 3 1 2 1 -1 -1 1 0 0 1 0 0.6551
108 1 4 1 1 1 2 1 -1 -1 1 0 0 1 1 0.8434
109 1 1 3 1 2 1 1 -1 -1 1 0 0 1 0 0.9145
110 3 1 2 2 2 1 2 1 -1 1 1 0 0 0 1.7828
