Ear: R
Audiogram left  : NA
Audiogram right : NA
# Keys:
# Consonant_ID  : d=1 g=2 l=3 f=4 th=5 jh=6 p=7 sh=8 t=9 
# Vowel_ID      : IH=1 EH=2 AE=3 
# F0_ID         : high_f0=1 low_f0=2 # Columns       : Trial Consonant_1_ID Consonant_2_ID Vowel_ID F0_ID Heard_Consonant Answer_vowel Correct Time_elapsed
1 2 9 3 1 1 3 1 1.5422
2 2 5 1 2 1 1 1 0.4691
3 3 1 3 2 1 3 1 0.4798
4 3 1 2 1 1 2 1 0.5367
5 3 7 1 1 1 1 1 0.5333
6 1 6 3 1 1 3 1 0.7444
7 1 1 2 2 1 2 1 0.4825
8 1 6 1 2 1 1 1 0.4303
9 3 1 1 2 1 1 1 0.5023
10 3 6 2 2 1 2 1 0.6226
11 2 5 1 1 1 1 1 0.4689
12 3 1 2 2 1 2 1 0.4489
13 1 4 2 2 1 2 1 0.4107
14 3 7 2 2 1 2 1 0.6404
15 3 7 2 1 1 2 1 0.6041
16 2 2 3 2 1 3 1 0.5783
17 1 8 2 1 1 2 1 0.6453
18 2 9 2 1 1 2 1 0.4711
19 1 1 1 1 1 1 1 0.4031
20 1 1 3 2 1 3 1 0.3783
21 3 6 3 1 1 3 1 0.3265
22 1 8 2 2 1 2 1 0.4170
23 1 8 3 1 1 3 1 0.4825
24 3 6 1 2 1 1 1 0.4140
25 3 5 3 2 1 2 0 0.5699
26 2 2 3 1 1 3 1 0.4065
27 2 5 3 1 1 3 1 0.7468
28 3 7 1 2 1 1 1 0.3981
29 1 6 1 1 1 1 1 0.5145
30 2 5 3 2 1 3 1 0.4822
31 3 5 2 2 1 2 1 0.3662
32 2 9 2 2 1 2 1 0.3998
33 3 6 1 1 1 1 1 0.3709
34 3 6 2 1 1 2 1 0.4306
35 1 1 2 1 1 2 1 0.4300
36 1 4 2 1 1 2 1 0.4172
37 1 1 1 2 1 1 1 0.3988
38 1 4 3 2 1 3 1 0.7317
39 3 5 3 1 1 3 1 0.5569
40 3 5 1 2 1 1 1 0.6387
41 1 6 2 1 1 2 1 0.3870
42 2 9 1 1 1 1 1 0.2950
43 3 6 3 2 1 3 1 0.3267
44 3 7 3 1 1 3 1 0.5386
45 1 6 2 2 1 2 1 0.7153
46 1 8 1 2 1 1 1 0.5940
47 1 8 3 2 1 3 1 0.3803
48 2 9 3 2 1 3 1 0.3488
49 3 1 1 1 1 1 1 0.7898
50 3 5 2 1 1 2 1 0.3795
51 2 9 1 2 1 2 0 0.4410
52 1 4 1 2 1 1 1 0.3807
53 2 5 2 1 1 2 1 0.2061
54 1 6 3 2 1 3 1 0.4444
55 3 5 1 1 1 1 1 0.5552
56 2 5 2 2 1 2 1 0.4620
57 2 2 1 1 1 1 1 0.4170
58 2 2 2 1 1 2 1 0.4393
59 3 7 3 2 1 3 1 0.4997
60 1 4 3 1 1 3 1 0.3785
61 1 1 3 1 1 3 1 0.4601
62 1 4 1 1 1 1 1 0.6869
63 2 2 2 2 1 2 1 0.4008
64 1 8 1 1 1 1 1 0.6203
65 3 1 3 1 1 3 1 0.4535
66 2 2 1 2 1 1 1 1.4601
