Ear: B
Audiogram left  : NA
Audiogram right : NA
# Keys:
# Consonant_ID  : d=1 g=2 l=3 f=4 th=5 jh=6 p=7 sh=8 t=9 
# Vowel_ID      : IH=1 EH=2 AE=3 
# F0_ID         : high_f0=1 low_f0=2 
# Columns       : Trial Con1 Con2 V1 V2 F01 F02 Ans1V Ans2V Ans3V Ans1C Ans2C Ans3C OneType BothOK RT
1 3 5 1 1 2 1 1 -1 -1 1 0 0 1 1 2.8703
2 3 7 2 2 1 2 2 1 -1 1 1 0 0 0 1.7957
3 3 5 3 1 2 2 1 3 -1 1 1 0 0 1 1.3889
4 2 2 1 3 1 2 1 3 -1 1 1 0 0 1 1.4393
5 1 8 1 3 1 2 1 3 -1 1 1 0 0 1 1.0078
6 3 7 1 3 1 1 1 3 -1 1 1 0 0 1 1.0881
7 3 5 1 3 2 1 1 3 -1 1 1 0 0 1 1.0019
8 3 7 3 1 2 1 1 3 -1 1 1 0 0 1 0.8392
9 2 9 1 3 1 2 1 3 -1 1 1 0 0 1 1.2043
10 3 1 2 2 1 2 2 -1 -1 1 0 0 1 1 0.9173
11 1 6 1 3 1 2 1 3 -1 1 1 0 0 1 0.9413
12 3 1 3 3 2 2 3 -1 -1 1 0 0 1 1 0.5047
13 1 4 3 3 1 2 3 -1 -1 1 0 0 1 1 0.5799
14 1 8 1 1 1 1 1 -1 -1 1 0 0 1 1 0.6539
15 1 1 2 2 2 1 2 -1 -1 1 0 0 1 1 0.6842
16 2 2 2 2 1 2 2 -1 -1 1 0 0 1 1 0.8125
17 2 9 1 3 2 2 3 1 -1 1 1 0 0 1 1.4521
18 1 8 1 3 2 1 1 -1 -1 1 0 0 1 0 1.0590
19 1 1 1 3 2 2 1 3 -1 1 1 0 0 1 1.9700
20 3 5 3 3 2 1 1 2 -1 1 1 0 0 0 3.2969
21 3 6 3 1 2 2 1 -1 -1 1 0 0 1 0 1.3394
22 2 9 3 1 1 2 1 3 -1 1 1 0 0 1 1.3571
23 3 6 1 3 1 2 1 3 -1 1 1 0 0 1 1.4116
24 2 9 3 1 2 1 1 3 -1 1 1 0 0 1 1.3881
25 3 5 1 3 1 2 1 3 -1 1 1 0 0 1 1.1847
26 3 7 1 3 1 2 1 3 -1 1 1 0 0 1 0.9683
27 2 9 3 1 2 2 1 3 -1 1 1 0 0 1 0.9329
28 2 5 3 1 1 2 1 -1 -1 1 0 0 1 0 0.7620
29 2 5 1 3 2 2 1 3 -1 1 1 0 0 1 1.2448
30 3 1 1 3 2 1 1 3 -1 1 1 0 0 1 0.9867
31 3 6 1 3 1 1 1 3 -1 1 1 0 0 1 1.6716
32 1 1 1 3 1 1 1 3 -1 1 1 0 0 1 1.3122
33 2 2 1 3 1 1 1 3 -1 1 1 0 0 1 1.2969
34 2 5 1 1 2 2 1 -1 -1 1 0 0 1 1 0.6828
35 3 5 2 2 1 2 1 2 -1 1 1 0 0 0 1.2599
36 1 8 2 2 2 1 2 -1 -1 1 0 0 1 1 0.9206
37 2 2 2 2 1 1 2 -1 -1 1 0 0 1 1 0.9183
38 3 5 2 2 2 1 2 -1 -1 1 0 0 1 1 0.6268
39 2 5 1 3 1 1 1 -1 -1 1 0 0 1 0 0.7468
40 3 7 3 3 2 1 3 -1 -1 1 0 0 1 1 0.9885
41 1 4 3 1 1 2 1 3 -1 1 1 0 0 1 1.1776
42 3 6 1 3 2 1 1 3 -1 1 1 0 0 1 1.1408
43 1 8 1 1 1 2 1 -1 -1 1 0 0 1 1 0.4816
44 1 1 1 3 1 2 3 1 -1 1 1 0 0 1 1.4373
45 2 9 3 3 2 1 3 -1 -1 1 0 0 1 1 0.7486
46 3 7 2 2 1 1 2 -1 -1 1 0 0 1 1 1.5758
47 1 1 1 3 2 1 1 -1 -1 1 0 0 1 0 1.0734
48 1 6 3 1 2 1 1 3 -1 1 1 0 0 1 1.3283
49 3 6 1 3 2 2 1 -1 -1 1 0 0 1 0 1.0907
50 1 8 3 3 1 1 3 -1 -1 1 0 0 1 1 0.7234
51 2 5 2 2 1 1 2 -1 -1 1 0 0 1 1 0.7964
52 2 9 2 2 1 2 2 -1 -1 1 0 0 1 1 0.7971
53 2 5 1 3 2 1 1 3 -1 1 1 0 0 1 1.3341
54 3 5 3 3 1 1 2 -1 -1 1 0 0 1 0 1.1651
55 3 7 1 3 2 1 1 3 -1 1 1 0 0 1 1.0001
56 3 7 3 1 1 2 1 -1 -1 1 0 0 1 0 0.5617
57 1 6 1 3 1 1 1 -1 -1 1 0 0 1 0 0.8171
58 3 6 3 3 2 1 3 -1 -1 1 0 0 1 1 0.8844
59 2 2 3 1 1 2 1 -1 -1 1 0 0 1 0 0.9622
60 2 5 2 2 2 2 2 -1 -1 1 0 0 1 1 0.5702
61 2 2 1 3 2 1 1 3 -1 1 1 0 0 1 1.2945
62 3 1 3 1 2 1 1 -1 -1 1 0 0 1 0 0.5773
63 2 9 1 3 1 1 1 -1 -1 1 0 0 1 0 0.8124
64 3 1 3 1 1 1 1 -1 -1 1 0 0 1 0 0.8923
65 1 1 1 1 2 2 1 -1 -1 1 0 0 1 1 0.8648
66 1 6 2 2 2 1 2 -1 -1 1 0 0 1 1 0.6429
67 2 5 1 3 1 2 1 -1 -1 1 0 0 1 0 0.7133
68 1 8 1 3 2 2 1 -1 -1 1 0 0 1 0 0.6628
69 3 7 1 3 2 2 1 3 -1 1 1 0 0 1 2.6159
70 2 2 1 1 1 2 1 -1 -1 1 0 0 1 1 1.1868
71 1 8 1 3 1 1 1 3 -1 1 1 0 0 1 1.5128
72 1 1 3 1 1 1 1 -1 -1 1 0 0 1 0 1.1106
73 1 6 3 1 1 2 1 3 -1 1 1 0 0 1 1.1270
74 1 1 3 3 1 2 3 -1 -1 1 0 0 1 1 0.8590
75 3 1 1 3 2 2 1 3 -1 1 1 0 0 1 1.1346
76 3 6 3 3 1 2 3 -1 -1 1 0 0 1 1 0.7687
77 3 6 3 1 2 1 1 -1 -1 1 0 0 1 0 0.7527
78 2 2 3 1 2 1 1 3 -1 1 1 0 0 1 1.4252
79 1 6 1 3 2 1 3 1 -1 1 1 0 0 1 1.5193
80 1 8 3 3 2 1 3 -1 -1 1 0 0 1 1 1.2037
81 2 5 1 1 1 2 1 -1 -1 1 0 0 1 1 1.1792
82 1 4 3 1 1 1 1 3 -1 1 1 0 0 1 1.1607
83 1 6 3 3 2 1 3 -1 -1 1 0 0 1 1 0.7291
84 1 4 3 1 2 2 2 3 -1 1 1 0 0 0 1.3343
85 3 5 3 1 2 1 1 -1 -1 1 0 0 1 0 1.2737
86 1 4 1 3 2 2 1 3 -1 1 1 0 0 1 0.8865
87 2 2 2 2 2 1 2 -1 -1 1 0 0 1 1 0.9312
88 2 5 3 1 2 2 1 -1 -1 1 0 0 1 0 0.7906
89 1 4 2 2 1 2 2 -1 -1 1 0 0 1 1 0.5469
90 3 7 3 3 1 1 3 -1 -1 1 0 0 1 1 1.2744
91 2 9 3 3 1 2 3 -1 -1 1 0 0 1 1 0.8874
92 2 2 3 3 2 1 3 -1 -1 1 0 0 1 1 1.0031
93 1 1 2 2 1 2 2 -1 -1 1 0 0 1 1 0.8274
94 3 5 3 1 1 2 1 -1 -1 1 0 0 1 0 0.7985
95 3 6 3 1 1 1 1 -1 -1 1 0 0 1 0 0.8468
96 3 7 3 1 1 1 1 -1 -1 1 0 0 1 0 0.7233
97 2 5 2 2 2 1 2 -1 -1 1 0 0 1 1 0.8784
98 3 1 1 3 1 1 1 -1 -1 1 0 0 1 0 1.7142
99 1 4 1 3 1 2 1 -1 -1 1 0 0 1 0 1.0408
100 3 6 2 2 2 1 2 -1 -1 1 0 0 1 1 1.0302
101 3 5 1 3 1 1 2 1 -1 1 1 0 0 0 1.3152
102 1 8 1 1 2 1 1 -1 -1 1 0 0 1 1 0.9077
103 3 7 3 1 2 2 1 3 -1 1 1 0 0 1 2.2166
104 1 1 3 1 1 2 1 -1 -1 1 0 0 1 0 1.0489
105 2 2 3 1 1 1 1 -1 -1 1 0 0 1 0 0.9656
106 3 5 3 3 1 2 2 -1 -1 1 0 0 1 0 0.7692
107 3 1 1 3 1 2 1 3 -1 1 1 0 0 1 0.9231
108 1 4 1 1 1 2 1 -1 -1 1 0 0 1 1 1.7007
109 1 1 3 1 2 1 1 -1 -1 1 0 0 1 0 1.0708
110 3 1 2 2 2 1 2 -1 -1 1 0 0 1 1 0.7272
