Ear: B
Audiogram left  : NA
Audiogram right : NA
# Keys:
# Consonant_ID  : d=1 g=2 l=3 f=4 th=5 jh=6 p=7 sh=8 t=9 
# Vowel_ID      : IH=1 EH=2 AE=3 
# F0_ID         : high_f0=1 low_f0=2 
# Columns       : Trial Con1 Con2 V1 V2 F01 F02 Ans1V Ans2V Ans3V Ans1C Ans2C Ans3C OneType BothOK RT
1 3 5 1 1 2 1 1 -1 -1 1 0 0 1 1 5.9233
2 3 7 2 2 1 2 2 -1 -1 1 0 0 1 1 6.1273
3 3 5 3 1 2 2 1 2 -1 1 1 0 0 0 4.0717
4 2 2 1 3 1 2 1 3 -1 1 1 0 0 1 4.3822
5 1 8 1 3 1 2 1 2 -1 1 1 0 0 0 5.2724
6 3 7 1 3 1 1 1 3 -1 1 1 0 0 1 4.4948
7 3 5 1 3 2 1 1 3 -1 1 1 0 0 1 4.1001
8 3 7 3 1 2 1 1 3 -1 1 1 0 0 1 2.2209
9 2 9 1 3 1 2 1 3 -1 1 1 0 0 1 5.1249
10 3 1 2 2 1 2 2 -1 -1 1 0 0 1 1 2.5236
11 1 6 1 3 1 2 1 3 -1 1 1 0 0 1 4.9286
12 3 1 3 3 2 2 3 -1 -1 1 0 0 1 1 1.3457
13 1 4 3 3 1 2 3 1 -1 1 1 0 0 0 3.2610
14 1 8 1 1 1 1 1 -1 -1 1 0 0 1 1 1.4805
15 1 1 2 2 2 1 2 3 -1 1 1 0 0 0 1.9438
16 2 2 2 2 1 2 2 3 -1 1 1 0 0 0 3.3386
17 2 9 1 3 2 2 3 1 -1 1 1 0 0 1 1.9562
18 1 8 1 3 2 1 1 3 -1 1 1 0 0 1 2.8485
19 1 1 1 3 2 2 3 -1 -1 1 0 0 1 0 2.2322
20 3 5 3 3 2 1 3 2 -1 1 1 0 0 0 1.7403
21 3 6 3 1 2 2 1 -1 -1 1 0 0 1 0 1.3002
22 2 9 3 1 1 2 1 3 -1 1 1 0 0 1 1.7174
23 3 6 1 3 1 2 1 3 -1 1 1 0 0 1 3.0483
24 2 9 3 1 2 1 1 3 -1 1 1 0 0 1 2.4982
25 3 5 1 3 1 2 3 2 -1 1 1 0 0 0 1.7130
26 3 7 1 3 1 2 3 1 -1 1 1 0 0 1 1.8166
27 2 9 3 1 2 2 1 3 -1 1 1 0 0 1 1.9036
28 2 5 3 1 1 2 1 3 -1 1 1 0 0 1 2.2427
29 2 5 1 3 2 2 1 3 -1 1 1 0 0 1 2.0822
30 3 1 1 3 2 1 1 3 -1 1 1 0 0 1 2.0675
31 3 6 1 3 1 1 3 1 -1 1 1 0 0 1 2.0114
32 1 1 1 3 1 1 2 3 -1 1 1 0 0 0 2.3357
33 2 2 1 3 1 1 3 1 -1 1 1 0 0 1 2.8595
34 2 5 1 1 2 2 1 -1 -1 1 0 0 1 1 1.4488
35 3 5 2 2 1 2 2 3 -1 1 1 0 0 0 1.4741
36 1 8 2 2 2 1 2 -1 -1 1 0 0 1 1 3.6871
37 2 2 2 2 1 1 2 -1 -1 1 0 0 1 1 1.5486
38 3 5 2 2 2 1 2 1 -1 1 1 0 0 0 1.5023
39 2 5 1 3 1 1 1 3 -1 1 1 0 0 1 1.6016
40 3 7 3 3 2 1 3 1 -1 1 1 0 0 0 1.3916
41 1 4 3 1 1 2 1 -1 -1 1 0 0 1 0 1.4304
42 3 6 1 3 2 1 3 1 -1 1 1 0 0 1 1.8257
43 1 8 1 1 1 2 1 3 -1 1 1 0 0 0 2.2515
44 1 1 1 3 1 2 3 2 -1 1 1 0 0 0 1.7259
45 2 9 3 3 2 1 1 3 -1 1 1 0 0 0 2.7926
46 3 7 2 2 1 1 2 1 -1 1 1 0 0 0 2.4636
47 1 1 1 3 2 1 3 1 -1 1 1 0 0 1 3.1528
48 1 6 3 1 2 1 1 3 -1 1 1 0 0 1 3.1846
49 3 6 1 3 2 2 1 2 -1 1 1 0 0 0 2.0061
50 1 8 3 3 1 1 3 -1 -1 1 0 0 1 1 1.0679
51 2 5 2 2 1 1 2 -1 -1 1 0 0 1 1 1.2977
52 2 9 2 2 1 2 2 -1 -1 1 0 0 1 1 1.1139
53 2 5 1 3 2 1 1 3 -1 1 1 0 0 1 1.6281
54 3 5 3 3 1 1 3 -1 -1 1 0 0 1 1 1.2442
55 3 7 1 3 2 1 1 3 -1 1 1 0 0 1 2.8792
56 3 7 3 1 1 2 1 2 -1 1 1 0 0 0 1.7649
57 1 6 1 3 1 1 3 1 -1 1 1 0 0 1 1.8524
58 3 6 3 3 2 1 1 3 -1 1 1 0 0 0 1.9766
59 2 2 3 1 1 2 1 3 -1 1 1 0 0 1 1.6188
60 2 5 2 2 2 2 2 1 -1 1 1 0 0 0 2.3526
61 2 2 1 3 2 1 1 3 -1 1 1 0 0 1 2.5309
62 3 1 3 1 2 1 1 -1 -1 1 0 0 1 0 1.1295
63 2 9 1 3 1 1 3 1 -1 1 1 0 0 1 2.2324
64 3 1 3 1 1 1 1 3 -1 1 1 0 0 1 1.9899
65 1 1 1 1 2 2 1 2 -1 1 1 0 0 0 2.5550
66 1 6 2 2 2 1 2 -1 -1 1 0 0 1 1 1.4531
67 2 5 1 3 1 2 1 3 -1 1 1 0 0 1 2.2318
68 1 8 1 3 2 2 1 -1 -1 1 0 0 1 0 1.2615
69 3 7 1 3 2 2 1 -1 -1 1 0 0 1 0 1.7362
70 2 2 1 1 1 2 1 -1 -1 1 0 0 1 1 5.2781
71 1 8 1 3 1 1 1 3 -1 1 1 0 0 1 3.8747
72 1 1 3 1 1 1 1 3 -1 1 1 0 0 1 1.8358
73 1 6 3 1 1 2 3 1 -1 1 1 0 0 1 1.9880
74 1 1 3 3 1 2 3 -1 -1 1 0 0 1 1 1.2325
75 3 1 1 3 2 2 3 1 -1 1 1 0 0 1 2.7720
76 3 6 3 3 1 2 3 1 -1 1 1 0 0 0 3.4632
77 3 6 3 1 2 1 3 1 -1 1 1 0 0 1 2.8426
78 2 2 3 1 2 1 1 -1 -1 1 0 0 1 0 1.3874
79 1 6 1 3 2 1 3 1 -1 1 1 0 0 1 2.0548
80 1 8 3 3 2 1 3 -1 -1 1 0 0 1 1 1.1000
81 2 5 1 1 1 2 1 -1 -1 1 0 0 1 1 1.5520
82 1 4 3 1 1 1 1 3 -1 1 1 0 0 1 1.9184
83 1 6 3 3 2 1 3 -1 -1 1 0 0 1 1 1.0708
84 1 4 3 1 2 2 1 3 -1 1 1 0 0 1 1.2331
85 3 5 3 1 2 1 1 3 -1 1 1 0 0 1 2.4656
86 1 4 1 3 2 2 1 3 -1 1 1 0 0 1 1.3861
87 2 2 2 2 2 1 2 -1 -1 1 0 0 1 1 1.2296
88 2 5 3 1 2 2 1 -1 -1 1 0 0 1 0 0.9355
89 1 4 2 2 1 2 2 -1 -1 1 0 0 1 1 0.8053
90 3 7 3 3 1 1 3 -1 -1 1 0 0 1 1 2.1874
91 2 9 3 3 1 2 3 2 -1 1 1 0 0 0 1.8984
92 2 2 3 3 2 1 3 -1 -1 1 0 0 1 1 2.3154
93 1 1 2 2 1 2 2 -1 -1 1 0 0 1 1 2.4048
94 3 5 3 1 1 2 1 3 -1 1 1 0 0 1 3.0694
95 3 6 3 1 1 1 1 3 -1 1 1 0 0 1 2.3838
96 3 7 3 1 1 1 1 3 -1 1 1 0 0 1 1.6370
97 2 5 2 2 2 1 2 -1 -1 1 0 0 1 1 1.0437
98 3 1 1 3 1 1 1 3 -1 1 1 0 0 1 1.3593
99 1 4 1 3 1 2 1 -1 -1 1 0 0 1 0 0.9777
100 3 6 2 2 2 1 2 -1 -1 1 0 0 1 1 0.8892
101 3 5 1 3 1 1 1 -1 -1 1 0 0 1 0 2.2295
102 1 8 1 1 2 1 1 -1 -1 1 0 0 1 1 1.3170
103 3 7 3 1 2 2 1 3 -1 1 1 0 0 1 1.6214
104 1 1 3 1 1 2 1 -1 -1 1 0 0 1 0 1.6261
105 2 2 3 1 1 1 1 3 -1 1 1 0 0 1 3.0753
106 3 5 3 3 1 2 1 3 -1 1 1 0 0 0 1.6643
107 3 1 1 3 1 2 1 3 -1 1 1 0 0 1 1.8538
108 1 4 1 1 1 2 1 -1 -1 1 0 0 1 1 1.2815
109 1 1 3 1 2 1 1 3 -1 1 1 0 0 1 1.2866
110 3 1 2 2 2 1 2 -1 -1 1 0 0 1 1 1.1578
