Ear: B
Audiogram left  : NA
Audiogram right : NA
# Keys:
# Consonant_ID  : d=1 g=2 l=3 f=4 th=5 jh=6 p=7 sh=8 t=9 
# Vowel_ID      : IH=1 EH=2 AE=3 
# F0_ID         : high_f0=1 low_f0=2 # Columns       : Trial Consonant_1_ID Consonant_2_ID Vowel_ID F0_ID Heard_Consonant Answer_vowel Correct Time_elapsed
1 3 6 1 2 1 1 1 1.8202
2 2 2 2 1 0 2 1 2.4935
3 3 6 3 1 1 3 1 0.8964
4 2 9 2 1 1 2 1 0.6563
5 2 5 2 1 1 3 0 1.3872
6 3 7 3 1 1 3 1 0.6604
7 1 8 2 1 1 2 1 1.3440
8 2 2 3 2 1 3 1 0.6465
9 1 6 2 1 1 2 1 0.3890
10 3 1 2 1 1 2 1 1.0246
11 2 9 2 2 1 2 1 0.4709
12 3 5 2 2 1 2 1 1.1187
13 1 6 2 2 1 2 1 0.9367
14 2 2 2 2 1 2 1 1.4178
15 1 1 3 1 1 3 1 0.2585
16 1 8 2 2 1 2 1 0.1878
17 3 5 3 1 1 3 1 0.5216
18 1 4 3 2 1 3 1 0.7006
19 2 9 3 2 1 3 1 1.2140
20 1 1 1 2 1 1 1 0.5705
21 1 1 2 1 1 2 1 0.3085
22 2 9 3 1 1 3 1 0.4195
23 2 9 1 1 1 1 1 1.0813
24 1 6 3 2 1 3 1 1.4455
25 3 1 3 2 1 3 1 0.7878
26 2 9 1 2 1 1 1 0.2613
27 1 4 2 1 1 2 1 2.1933
28 1 8 3 1 1 2 0 0.4584
29 1 8 1 2 1 1 1 2.0479
30 3 7 1 2 1 1 1 2.4568
31 1 4 2 2 1 2 1 1.0447
32 1 4 1 1 1 1 1 0.5347
33 1 8 1 1 1 1 1 0.8774
34 1 1 3 2 1 3 1 0.5304
35 3 7 2 1 1 2 1 0.2840
36 2 2 1 2 1 1 1 0.1835
37 3 1 3 1 1 3 1 0.1568
38 2 5 3 2 1 2 0 0.0315
39 1 6 3 1 1 3 1 0.5826
40 3 5 3 2 1 2 0 0.1460
41 3 6 3 2 1 3 1 2.0002
42 3 1 2 2 1 2 1 0.1571
43 3 6 2 2 1 2 1 0.0611
44 2 2 3 1 1 3 1 0.1445
45 3 6 1 1 1 1 1 0.2464
46 1 8 3 2 1 2 0 0.4898
47 3 5 1 2 1 1 1 2.8513
48 2 5 3 1 1 2 0 0.8513
49 2 5 1 1 1 1 1 0.7413
50 3 6 2 1 1 2 1 0.0312
51 1 6 1 2 1 1 1 0.2858
52 2 5 1 2 1 1 1 0.2563
53 3 7 3 2 1 3 1 0.5254
54 3 5 2 1 1 2 1 1.0732
55 3 7 1 1 1 1 1 0.5821
56 3 1 1 2 1 1 1 0.1337
57 2 2 1 1 1 1 1 1.0170
58 3 7 2 2 1 2 1 0.4307
59 3 5 1 1 1 1 1 0.0101
60 1 4 3 1 1 3 1 0.1750
61 1 1 2 2 1 2 1 0.0318
62 2 5 2 2 1 2 1 1.8900
63 1 4 1 2 1 1 1 3.4369
64 1 6 1 1 1 1 1 1.3828
65 3 1 1 1 1 1 1 1.5630
66 1 1 1 1 1 1 1 0.7031
