Ear: R
Audiogram left  : NA
Audiogram right : NA
# Keys:
# Consonant_ID  : d=1 g=2 l=3 f=4 th=5 jh=6 p=7 sh=8 t=9 
# Vowel_ID      : IH=1 EH=2 AE=3 
# F0_ID         : high_f0=1 low_f0=2 # Columns       : Trial Consonant_1_ID Consonant_2_ID Vowel_ID F0_ID Heard_Consonant Answer_vowel Correct Time_elapsed
1 1 1 3 2 1 3 1 1.0896
2 3 6 3 1 1 3 1 0.5738
3 1 1 2 1 1 2 1 0.6920
4 3 7 2 2 1 2 1 0.5823
5 3 1 1 1 1 1 1 0.4993
6 3 6 2 2 1 2 1 0.5785
7 3 7 3 2 1 3 1 0.0729
8 3 1 2 1 1 2 1 0.5729
9 1 6 3 1 1 3 1 0.8453
10 1 4 1 2 1 1 1 0.5136
11 3 1 3 1 1 3 1 0.4799
12 3 5 1 1 1 1 1 0.4800
13 1 4 3 2 1 3 1 0.5420
14 3 6 1 1 1 1 1 0.9480
15 3 6 3 2 1 3 1 0.3589
16 2 5 1 1 1 1 1 0.5158
17 2 2 3 1 1 3 1 0.5822
18 2 2 2 2 1 2 1 0.4917
19 2 5 2 2 1 2 1 1.9612
20 2 9 2 1 1 2 1 0.6918
21 3 7 3 1 1 3 1 0.7158
22 2 2 3 2 1 3 1 0.6009
23 1 4 3 1 1 3 1 0.7239
24 3 6 2 1 1 2 1 1.6007
25 2 9 3 1 1 3 1 0.7437
26 3 7 2 1 1 2 1 0.7661
27 2 9 1 2 1 1 1 1.6228
28 1 4 2 1 1 2 1 2.1138
29 1 6 1 1 1 1 1 0.7054
30 1 8 2 1 1 2 1 0.6398
31 1 1 1 2 1 1 1 0.7818
32 2 5 3 1 1 3 1 0.8505
33 1 8 1 1 1 1 1 0.5855
34 3 5 2 1 1 2 1 0.5514
35 1 8 1 2 1 1 1 1.9290
36 1 6 3 2 1 3 1 0.5026
37 2 9 1 1 1 1 1 0.4205
38 3 5 2 2 1 2 1 0.5131
39 2 5 2 1 1 3 0 1.6195
40 1 8 3 1 1 3 1 0.7209
41 3 7 1 1 1 1 1 0.6012
42 3 1 3 2 1 3 1 1.3470
43 3 1 1 2 1 1 1 1.0959
44 2 9 3 2 1 3 1 1.1666
45 1 6 2 2 1 2 1 0.6993
46 3 6 1 2 1 1 1 0.4366
47 2 2 1 2 1 1 1 0.6243
48 2 9 2 2 1 2 1 0.5139
49 1 4 1 1 1 1 1 0.5788
50 2 5 3 2 1 3 1 0.4604
51 3 5 3 1 1 3 1 1.1425
52 1 1 1 1 1 1 1 0.5022
53 3 7 1 2 1 1 1 1.7141
54 2 5 1 2 1 1 1 1.1199
55 2 2 2 1 1 2 1 1.2382
56 1 8 2 2 1 2 1 0.7844
57 1 1 2 2 1 2 1 0.7135
58 3 1 2 2 1 2 1 1.1624
59 1 4 2 2 1 2 1 1.0872
60 3 5 1 2 1 1 1 0.6583
61 3 5 3 2 1 2 0 0.8985
62 1 8 3 2 1 3 1 0.8467
63 2 2 1 1 1 1 1 1.0203
64 1 1 3 1 1 3 1 1.0922
65 1 6 2 1 1 2 1 0.5815
66 1 6 1 2 1 1 1 0.6308
