Ear: L
Audiogram left  : NA
Audiogram right : NA
# Keys:
# Consonant_ID  : d=1 g=2 l=3 f=4 th=5 jh=6 p=7 sh=8 t=9 
# Vowel_ID      : IH=1 EH=2 AE=3 
# F0_ID         : high_f0=1 low_f0=2 # Columns       : Trial Consonant_1_ID Consonant_2_ID Vowel_ID F0_ID Heard_Consonant Answer_vowel Correct Time_elapsed
1 2 2 1 2 1 1 1 0.6087
2 2 5 2 2 1 2 1 0.6865
3 1 4 1 2 1 1 1 0.7797
4 1 8 3 1 1 3 1 1.2618
5 1 8 1 1 1 1 1 1.0260
6 1 6 2 2 1 2 1 0.5824
7 1 8 3 2 1 3 1 0.9737
8 1 1 2 1 1 2 1 0.5514
9 1 6 1 1 1 1 1 0.6917
10 1 4 2 1 1 2 1 1.0114
11 1 6 2 1 1 2 1 0.7446
12 2 5 3 1 1 3 1 1.1020
13 2 2 2 1 1 2 1 0.8295
14 1 8 1 2 1 1 1 0.8609
15 3 5 3 2 1 2 0 0.5416
16 3 1 2 1 1 2 1 0.7541
17 2 5 3 2 1 3 1 1.1530
18 3 5 1 2 1 1 1 0.4927
19 1 1 2 2 1 2 1 0.5932
20 1 4 3 1 1 3 1 0.7229
21 2 5 2 1 1 2 1 1.6144
22 2 9 3 1 1 3 1 0.7637
23 1 1 1 2 1 1 1 0.5335
24 2 9 3 2 1 3 1 0.4726
25 1 1 3 2 1 3 1 0.9400
26 3 7 2 2 1 2 1 0.7383
27 3 1 2 2 1 2 1 0.7064
28 2 5 1 1 1 1 1 0.6610
29 3 1 3 1 1 3 1 0.6189
30 2 5 1 2 1 1 1 0.6399
31 2 2 2 2 1 2 1 0.6997
32 3 5 3 1 1 3 1 0.6857
33 3 6 3 2 1 3 1 0.7780
34 3 6 1 1 1 1 1 0.5416
35 2 2 3 2 1 3 1 0.4405
36 3 6 3 1 1 3 1 1.7016
37 1 6 3 2 1 3 1 1.6454
38 2 9 1 2 1 2 0 0.4483
39 3 7 3 2 1 3 1 0.4305
40 1 6 3 1 1 3 1 0.6357
41 3 5 1 1 1 1 1 0.4394
42 3 1 1 1 1 1 1 0.4923
43 1 4 2 2 1 2 1 0.7582
44 3 6 2 1 1 2 1 0.7821
45 3 7 2 1 1 2 1 0.6531
46 3 1 1 2 1 1 1 0.7374
47 1 4 1 1 1 1 1 0.7094
48 3 1 3 2 1 3 1 0.6790
49 1 1 1 1 1 1 1 0.5632
50 3 6 2 2 1 2 1 0.3834
51 3 7 1 1 1 1 1 0.6621
52 2 9 2 2 1 2 1 0.4109
53 2 9 1 1 1 2 0 0.5005
54 1 6 1 2 1 1 1 0.5428
55 1 8 2 1 1 2 1 0.9299
56 2 9 2 1 1 2 1 0.5043
57 3 7 3 1 1 3 1 0.4489
58 2 2 1 1 1 1 1 0.8268
59 2 2 3 1 1 3 1 0.7311
60 1 8 2 2 1 2 1 0.6117
61 1 1 3 1 1 3 1 0.9826
62 3 7 1 2 1 1 1 0.4985
63 3 5 2 1 1 2 1 0.6711
64 3 5 2 2 1 2 1 1.0587
65 3 6 1 2 1 1 1 0.4912
66 1 4 3 2 1 3 1 0.9009
