Ear: B
Audiogram left  : NA
Audiogram right : NA
# Keys:
# Consonant_ID  : d=1 g=2 l=3 f=4 th=5 jh=6 p=7 sh=8 t=9 
# Vowel_ID      : IH=1 EH=2 AE=3 
# F0_ID         : high_f0=1 low_f0=2 # Columns       : Trial Consonant_1_ID Consonant_2_ID Vowel_ID F0_ID Heard_Consonant Answer_vowel Correct Time_elapsed
1 1 8 3 2 1 2 0 1.5408
2 1 6 1 1 1 1 1 0.6024
3 3 7 2 2 1 2 1 0.4393
4 2 5 1 1 1 1 1 0.6209
5 2 9 3 2 1 3 1 0.6239
6 1 1 1 2 1 1 1 0.6255
7 2 9 3 1 1 3 1 0.3919
8 3 5 3 1 1 2 0 0.4780
9 3 5 2 1 1 2 1 0.5220
10 3 5 2 2 1 1 0 1.2272
11 1 4 2 2 1 2 1 0.4497
12 3 6 3 2 1 3 1 0.4007
13 2 5 3 2 1 3 1 3.1315
14 3 5 3 2 1 2 0 1.1341
15 3 1 2 2 1 2 1 0.3687
16 1 4 1 2 1 1 1 0.5557
17 2 9 2 1 1 2 1 0.2641
18 1 6 3 1 1 3 1 0.6638
19 3 6 1 1 1 1 1 0.5609
20 3 6 1 2 1 1 1 0.9516
21 1 8 3 1 1 2 0 0.6121
22 3 7 1 1 1 1 1 0.5214
23 3 7 3 2 1 3 1 0.5231
24 3 7 1 2 1 1 1 0.5026
25 3 6 2 2 1 2 1 0.4866
26 3 7 2 1 1 2 1 1.4789
27 1 1 1 1 1 1 1 0.6293
28 1 8 1 1 1 1 1 2.5312
29 1 8 2 1 1 2 1 0.7975
30 2 5 3 1 1 3 1 1.1949
31 3 1 2 1 1 2 1 0.6798
32 1 8 1 2 1 1 1 1.0949
33 2 2 3 1 1 3 1 1.1668
34 1 4 2 1 1 2 1 1.1639
35 1 4 1 1 1 1 1 1.2317
36 2 5 1 2 1 1 1 0.7941
37 3 6 2 1 1 2 1 0.6768
38 1 1 2 2 1 2 1 0.6451
39 2 9 2 2 1 2 1 0.6575
40 1 6 2 2 1 2 1 0.6707
41 3 7 3 1 1 3 1 0.5736
42 3 1 3 2 1 3 1 0.6934
43 2 2 3 2 1 3 1 0.9008
44 3 1 1 2 1 1 1 0.6444
45 1 1 3 2 1 3 1 1.7373
46 1 1 2 1 1 2 1 1.5925
47 2 5 2 1 1 2 1 0.8847
48 2 9 1 1 1 2 0 0.8044
49 3 1 1 1 1 1 1 0.5855
50 2 2 1 1 1 1 1 0.7173
51 1 4 3 2 1 3 1 2.5424
52 1 1 3 1 1 3 1 1.2900
53 3 5 1 1 1 1 1 0.8900
54 3 1 3 1 1 3 1 0.6134
55 2 2 2 2 1 2 1 1.1152
56 1 6 3 2 1 2 0 1.0367
57 2 2 1 2 1 1 1 0.6585
58 1 8 2 2 1 2 1 2.1265
59 1 6 1 2 1 1 1 0.6005
60 1 4 3 1 1 3 1 0.6930
61 3 5 1 2 1 1 1 0.4193
62 2 9 1 2 1 2 0 1.0204
63 2 5 2 2 1 2 1 0.6424
64 3 6 3 1 1 3 1 0.6982
65 1 6 2 1 1 2 1 0.8358
66 2 2 2 1 1 2 1 0.4990
