Ear: B
Audiogram left  : NA
Audiogram right : NA
# Keys:
# Consonant_ID  : d=1 g=2 l=3 f=4 th=5 jh=6 p=7 sh=8 t=9 
# Vowel_ID      : IH=1 EH=2 AE=3 
# F0_ID         : high_f0=1 low_f0=2 
# Columns       : Trial Con1 Con2 V1 V2 F01 F02 Ans1V Ans2V Ans3V Ans1C Ans2C Ans3C OneType BothOK RT
1 3 5 1 1 2 1 1 2 -1 1 1 0 0 0 2.4850
2 3 7 2 2 1 2 2 1 -1 1 1 0 0 0 2.8460
3 3 5 3 1 2 2 3 -1 -1 1 0 0 1 0 1.7797
4 2 2 1 3 1 2 1 3 -1 1 1 0 0 1 1.6391
5 1 8 1 3 1 2 1 3 -1 1 1 0 0 1 1.9481
6 3 7 1 3 1 1 1 3 -1 1 1 0 0 1 1.2943
7 3 5 1 3 2 1 1 3 -1 1 1 0 0 1 1.2678
8 3 7 3 1 2 1 1 3 -1 1 1 0 0 1 1.1920
9 2 9 1 3 1 2 1 3 -1 1 1 0 0 1 1.5855
10 3 1 2 2 1 2 2 -1 -1 1 0 0 1 1 0.7946
11 1 6 1 3 1 2 1 -1 -1 1 0 0 1 0 3.7459
12 3 1 3 3 2 2 3 -1 -1 1 0 0 1 1 1.3381
13 1 4 3 3 1 2 3 2 -1 1 1 0 0 0 1.7504
14 1 8 1 1 1 1 1 -1 -1 1 0 0 1 1 0.7972
15 1 1 2 2 2 1 2 -1 -1 1 0 0 1 1 1.2031
16 2 2 2 2 1 2 2 -1 -1 1 0 0 1 1 1.8695
17 2 9 1 3 2 2 3 1 -1 1 1 0 0 1 1.8588
18 1 8 1 3 2 1 1 -1 -1 1 0 0 1 0 2.4947
19 1 1 1 3 2 2 3 1 -1 1 1 0 0 1 1.6232
20 3 5 3 3 2 1 2 3 -1 1 1 0 0 0 1.3769
21 3 6 3 1 2 2 1 3 -1 1 1 0 0 1 2.7794
22 2 9 3 1 1 2 1 3 -1 1 1 0 0 1 1.6111
23 3 6 1 3 1 2 1 -1 -1 1 0 0 1 0 0.8244
24 2 9 3 1 2 1 3 1 -1 1 1 0 0 1 1.9830
25 3 5 1 3 1 2 1 -1 -1 1 0 0 1 0 1.8499
26 3 7 1 3 1 2 1 -1 -1 1 0 0 1 0 0.6728
27 2 9 3 1 2 2 1 3 -1 1 1 0 0 1 1.0737
28 2 5 3 1 1 2 1 3 -1 1 1 0 0 1 1.7768
29 2 5 1 3 2 2 3 -1 -1 1 0 0 1 0 1.0351
30 3 1 1 3 2 1 1 3 -1 1 1 0 0 1 1.2366
31 3 6 1 3 1 1 1 3 -1 1 1 0 0 1 1.2695
32 1 1 1 3 1 1 1 3 -1 1 1 0 0 1 1.3030
33 2 2 1 3 1 1 1 3 -1 1 1 0 0 1 1.4683
34 2 5 1 1 2 2 1 -1 -1 1 0 0 1 1 1.2650
35 3 5 2 2 1 2 2 -1 -1 1 0 0 1 1 0.8363
36 1 8 2 2 2 1 2 -1 -1 1 0 0 1 1 0.5686
37 2 2 2 2 1 1 2 -1 -1 1 0 0 1 1 1.7453
38 3 5 2 2 2 1 2 1 -1 1 1 0 0 0 1.6498
39 2 5 1 3 1 1 1 3 -1 1 1 0 0 1 1.5191
40 3 7 3 3 2 1 3 -1 -1 1 0 0 1 1 0.6222
41 1 4 3 1 1 2 1 3 -1 1 1 0 0 1 1.3637
42 3 6 1 3 2 1 1 3 -1 1 1 0 0 1 2.2947
43 1 8 1 1 1 2 1 -1 -1 1 0 0 1 1 1.0691
44 1 1 1 3 1 2 3 -1 -1 1 0 0 1 0 1.1819
45 2 9 3 3 2 1 3 -1 -1 1 0 0 1 1 0.8342
46 3 7 2 2 1 1 2 -1 -1 1 0 0 1 1 1.5980
47 1 1 1 3 2 1 3 1 -1 1 1 0 0 1 1.5627
48 1 6 3 1 2 1 1 3 -1 1 1 0 0 1 1.3957
49 3 6 1 3 2 2 1 3 -1 1 1 0 0 1 1.4310
50 1 8 3 3 1 1 3 -1 -1 1 0 0 1 1 0.6243
51 2 5 2 2 1 1 2 -1 -1 1 0 0 1 1 0.6369
52 2 9 2 2 1 2 2 -1 -1 1 0 0 1 1 0.5805
53 2 5 1 3 2 1 1 3 -1 1 1 0 0 1 1.5907
54 3 5 3 3 1 1 3 -1 -1 1 0 0 1 1 1.1828
55 3 7 1 3 2 1 3 1 -1 1 1 0 0 1 1.5951
56 3 7 3 1 1 2 1 3 -1 1 1 0 0 1 1.2941
57 1 6 1 3 1 1 1 3 -1 1 1 0 0 1 1.2820
58 3 6 3 3 2 1 3 -1 -1 1 0 0 1 1 0.8598
59 2 2 3 1 1 2 1 -1 -1 1 0 0 1 0 0.7332
60 2 5 2 2 2 2 2 -1 -1 1 0 0 1 1 0.6709
61 2 2 1 3 2 1 1 3 -1 1 1 0 0 1 1.4275
62 3 1 3 1 2 1 1 3 -1 1 1 0 0 1 1.7788
63 2 9 1 3 1 1 1 3 -1 1 1 0 0 1 1.4379
64 3 1 3 1 1 1 1 3 -1 1 1 0 0 1 1.3682
65 1 1 1 1 2 2 2 -1 -1 1 0 0 1 0 2.0186
66 1 6 2 2 2 1 2 -1 -1 1 0 0 1 1 1.1711
67 2 5 1 3 1 2 1 3 -1 1 1 0 0 1 2.1128
68 1 8 1 3 2 2 1 -1 -1 1 0 0 1 0 0.8289
69 3 7 1 3 2 2 1 3 -1 1 1 0 0 1 1.3290
70 2 2 1 1 1 2 1 -1 -1 1 0 0 1 1 0.8020
71 1 8 1 3 1 1 1 -1 -1 1 0 0 1 0 0.7811
72 1 1 3 1 1 1 1 -1 -1 1 0 0 1 0 0.8590
73 1 6 3 1 1 2 3 -1 -1 1 0 0 1 0 1.1824
74 1 1 3 3 1 2 3 -1 -1 1 0 0 1 1 0.9155
75 3 1 1 3 2 2 1 3 -1 1 1 0 0 1 2.8363
76 3 6 3 3 1 2 3 -1 -1 1 0 0 1 1 1.1972
77 3 6 3 1 2 1 1 -1 -1 1 0 0 1 0 1.6194
78 2 2 3 1 2 1 1 -1 -1 1 0 0 1 0 1.4776
79 1 6 1 3 2 1 1 3 -1 1 1 0 0 1 3.1507
80 1 8 3 3 2 1 3 -1 -1 1 0 0 1 1 1.6243
81 2 5 1 1 1 2 1 -1 -1 1 0 0 1 1 1.1808
82 1 4 3 1 1 1 1 3 -1 1 1 0 0 1 1.8367
83 1 6 3 3 2 1 3 -1 -1 1 0 0 1 1 1.0081
84 1 4 3 1 2 2 1 -1 -1 1 0 0 1 0 0.6021
85 3 5 3 1 2 1 1 -1 -1 1 0 0 1 0 0.5615
86 1 4 1 3 2 2 1 3 -1 1 1 0 0 1 1.4480
87 2 2 2 2 2 1 2 -1 -1 1 0 0 1 1 0.9096
88 2 5 3 1 2 2 1 3 -1 1 1 0 0 1 1.2749
89 1 4 2 2 1 2 2 -1 -1 1 0 0 1 1 0.6610
90 3 7 3 3 1 1 3 -1 -1 1 0 0 1 1 0.5360
91 2 9 3 3 1 2 3 2 -1 1 1 0 0 0 1.1145
92 2 2 3 3 2 1 3 -1 -1 1 0 0 1 1 0.7867
93 1 1 2 2 1 2 2 -1 -1 1 0 0 1 1 0.4698
94 3 5 3 1 1 2 1 -1 -1 1 0 0 1 0 0.7279
95 3 6 3 1 1 1 1 -1 -1 1 0 0 1 0 0.8269
96 3 7 3 1 1 1 1 3 -1 1 1 0 0 1 1.1703
97 2 5 2 2 2 1 2 -1 -1 1 0 0 1 1 0.6558
98 3 1 1 3 1 1 1 3 -1 1 1 0 0 1 1.1944
99 1 4 1 3 1 2 1 -1 -1 1 0 0 1 0 0.5723
100 3 6 2 2 2 1 2 -1 -1 1 0 0 1 1 0.6592
101 3 5 1 3 1 1 1 3 -1 1 1 0 0 1 1.5144
102 1 8 1 1 2 1 1 -1 -1 1 0 0 1 1 0.8605
103 3 7 3 1 2 2 1 -1 -1 1 0 0 1 0 0.8872
104 1 1 3 1 1 2 1 3 -1 1 1 0 0 1 1.4568
105 2 2 3 1 1 1 1 3 -1 1 1 0 0 1 1.2342
106 3 5 3 3 1 2 3 1 -1 1 1 0 0 0 1.4826
107 3 1 1 3 1 2 1 3 -1 1 1 0 0 1 1.0753
108 1 4 1 1 1 2 1 -1 -1 1 0 0 1 1 0.6962
109 1 1 3 1 2 1 1 3 -1 1 1 0 0 1 1.4737
110 3 1 2 2 2 1 2 -1 -1 1 0 0 1 1 0.6764
