Ear: B
Audiogram left  : NA
Audiogram right : NA
# Keys:
# Consonant_ID  : d=1 g=2 l=3 f=4 th=5 jh=6 p=7 sh=8 t=9 
# Vowel_ID      : IH=1 EH=2 AE=3 
# F0_ID         : high_f0=1 low_f0=2 
# Columns       : Trial Con1 Con2 V1 V2 F01 F02 Ans1V Ans2V Ans3V Ans1C Ans2C Ans3C OneType BothOK RT
1 3 5 1 1 2 1 1 2 -1 1 1 0 0 0 3.3192
2 3 7 2 2 1 2 2 -1 -1 1 0 0 1 1 0.9493
3 3 5 3 1 2 2 1 3 -1 1 1 0 0 1 1.7958
4 2 2 1 3 1 2 1 3 -1 1 1 0 0 1 1.4381
5 1 8 1 3 1 2 1 -1 -1 1 0 0 1 0 0.8826
6 3 7 1 3 1 1 1 -1 -1 1 0 0 1 0 1.0909
7 3 5 1 3 2 1 1 -1 -1 1 0 0 1 0 0.8571
8 3 7 3 1 2 1 3 1 -1 1 1 0 0 1 2.4345
9 2 9 1 3 1 2 3 1 -1 1 1 0 0 1 2.2700
10 3 1 2 2 1 2 2 -1 -1 1 0 0 1 1 1.0400
11 1 6 1 3 1 2 3 -1 -1 1 0 0 1 0 1.0633
12 3 1 3 3 2 2 3 -1 -1 1 0 0 1 1 0.9106
13 1 4 3 3 1 2 3 1 -1 1 1 0 0 0 1.3773
14 1 8 1 1 1 1 1 -1 -1 1 0 0 1 1 0.7429
15 1 1 2 2 2 1 2 3 -1 1 1 0 0 0 1.0358
16 2 2 2 2 1 2 2 -1 -1 1 0 0 1 1 0.9342
17 2 9 1 3 2 2 3 1 -1 1 1 0 0 1 1.5458
18 1 8 1 3 2 1 1 -1 -1 1 0 0 1 0 0.7845
19 1 1 1 3 2 2 3 -1 -1 1 0 0 1 0 1.3982
20 3 5 3 3 2 1 2 3 -1 1 1 0 0 0 1.4375
21 3 6 3 1 2 2 1 3 -1 1 1 0 0 1 1.4975
22 2 9 3 1 1 2 1 3 -1 1 1 0 0 1 1.4374
23 3 6 1 3 1 2 1 3 -1 1 1 0 0 1 1.1752
24 2 9 3 1 2 1 1 3 -1 1 1 0 0 1 1.0405
25 3 5 1 3 1 2 2 3 -1 1 1 0 0 0 2.0984
26 3 7 1 3 1 2 1 3 -1 1 1 0 0 1 1.5544
27 2 9 3 1 2 2 1 3 -1 1 1 0 0 1 2.4718
28 2 5 3 1 1 2 3 1 -1 1 1 0 0 1 2.1110
29 2 5 1 3 2 2 3 1 -1 1 1 0 0 1 3.7031
30 3 1 1 3 2 1 1 3 -1 1 1 0 0 1 3.4731
31 3 6 1 3 1 1 1 3 -1 1 1 0 0 1 3.4875
32 1 1 1 3 1 1 1 3 -1 1 1 0 0 1 2.3722
33 2 2 1 3 1 1 1 3 -1 1 1 0 0 1 2.3967
34 2 5 1 1 2 2 1 -1 -1 1 0 0 1 1 1.2717
35 3 5 2 2 1 2 2 -1 -1 1 0 0 1 1 1.2137
36 1 8 2 2 2 1 2 -1 -1 1 0 0 1 1 1.0646
37 2 2 2 2 1 1 2 -1 -1 1 0 0 1 1 1.0999
38 3 5 2 2 2 1 2 -1 -1 1 0 0 1 1 0.8405
39 2 5 1 3 1 1 1 2 -1 1 1 0 0 0 3.5830
40 3 7 3 3 2 1 3 -1 -1 1 0 0 1 1 1.5367
41 1 4 3 1 1 2 1 3 -1 1 1 0 0 1 1.5601
42 3 6 1 3 2 1 1 -1 -1 1 0 0 1 0 1.0189
43 1 8 1 1 1 2 1 -1 -1 1 0 0 1 1 0.6712
44 1 1 1 3 1 2 3 1 -1 1 1 0 0 1 4.9702
45 2 9 3 3 2 1 3 2 -1 1 1 0 0 0 1.9956
46 3 7 2 2 1 1 2 -1 -1 1 0 0 1 1 0.6339
47 1 1 1 3 2 1 1 3 -1 1 1 0 0 1 2.2469
48 1 6 3 1 2 1 1 3 -1 1 1 0 0 1 1.6651
49 3 6 1 3 2 2 1 -1 -1 1 0 0 1 0 0.9167
50 1 8 3 3 1 1 3 -1 -1 1 0 0 1 1 0.8865
51 2 5 2 2 1 1 2 -1 -1 1 0 0 1 1 0.7965
52 2 9 2 2 1 2 2 -1 -1 1 0 0 1 1 0.8282
53 2 5 1 3 2 1 2 1 -1 1 1 0 0 0 1.0829
54 3 5 3 3 1 1 3 -1 -1 1 0 0 1 1 0.6118
55 3 7 1 3 2 1 1 -1 -1 1 0 0 1 0 2.4164
56 3 7 3 1 1 2 1 3 -1 1 1 0 0 1 1.4504
57 1 6 1 3 1 1 1 3 -1 1 1 0 0 1 3.1288
58 3 6 3 3 2 1 3 1 -1 1 1 0 0 0 3.5462
59 2 2 3 1 1 2 1 3 -1 1 1 0 0 1 1.7227
60 2 5 2 2 2 2 3 -1 -1 1 0 0 1 0 1.0978
61 2 2 1 3 2 1 1 3 -1 1 1 0 0 1 1.8217
62 3 1 3 1 2 1 3 1 -1 1 1 0 0 1 2.2928
63 2 9 1 3 1 1 1 3 -1 1 1 0 0 1 1.4020
64 3 1 3 1 1 1 1 3 -1 1 1 0 0 1 1.2528
65 1 1 1 1 2 2 2 3 -1 1 1 0 0 0 1.6418
66 1 6 2 2 2 1 2 -1 -1 1 0 0 1 1 1.4678
67 2 5 1 3 1 2 1 3 -1 1 1 0 0 1 1.7927
68 1 8 1 3 2 2 1 3 -1 1 1 0 0 1 2.2962
69 3 7 1 3 2 2 1 3 -1 1 1 0 0 1 1.5528
70 2 2 1 1 1 2 1 -1 -1 1 0 0 1 1 1.0978
71 1 8 1 3 1 1 1 -1 -1 1 0 0 1 0 0.7072
72 1 1 3 1 1 1 1 3 -1 1 1 0 0 1 1.1661
73 1 6 3 1 1 2 3 1 -1 1 1 0 0 1 1.4770
74 1 1 3 3 1 2 3 -1 -1 1 0 0 1 1 0.9019
75 3 1 1 3 2 2 1 3 -1 1 1 0 0 1 1.8660
76 3 6 3 3 1 2 3 -1 -1 1 0 0 1 1 0.8420
77 3 6 3 1 2 1 1 3 -1 1 1 0 0 1 1.2545
78 2 2 3 1 2 1 1 3 -1 1 1 0 0 1 3.6927
79 1 6 1 3 2 1 1 3 -1 1 1 0 0 1 1.4592
80 1 8 3 3 2 1 3 -1 -1 1 0 0 1 1 1.9873
81 2 5 1 1 1 2 1 2 -1 1 1 0 0 0 2.1286
82 1 4 3 1 1 1 1 3 -1 1 1 0 0 1 1.5829
83 1 6 3 3 2 1 3 -1 -1 1 0 0 1 1 0.7562
84 1 4 3 1 2 2 1 -1 -1 1 0 0 1 0 0.6231
85 3 5 3 1 2 1 1 -1 -1 1 0 0 1 0 0.6943
86 1 4 1 3 2 2 3 1 -1 1 1 0 0 1 1.8538
87 2 2 2 2 2 1 2 -1 -1 1 0 0 1 1 1.0562
88 2 5 3 1 2 2 1 3 -1 1 1 0 0 1 1.6206
89 1 4 2 2 1 2 2 -1 -1 1 0 0 1 1 1.7191
90 3 7 3 3 1 1 3 -1 -1 1 0 0 1 1 0.8334
91 2 9 3 3 1 2 3 -1 -1 1 0 0 1 1 0.8643
92 2 2 3 3 2 1 3 -1 -1 1 0 0 1 1 1.1103
93 1 1 2 2 1 2 2 3 -1 1 1 0 0 0 1.2537
94 3 5 3 1 1 2 1 3 -1 1 1 0 0 1 1.9758
95 3 6 3 1 1 1 1 3 -1 1 1 0 0 1 1.7102
96 3 7 3 1 1 1 1 -1 -1 1 0 0 1 0 0.8456
97 2 5 2 2 2 1 3 2 -1 1 1 0 0 0 1.9037
98 3 1 1 3 1 1 1 3 -1 1 1 0 0 1 1.5974
99 1 4 1 3 1 2 1 -1 -1 1 0 0 1 0 1.4189
100 3 6 2 2 2 1 2 -1 -1 1 0 0 1 1 0.8947
101 3 5 1 3 1 1 2 1 -1 1 1 0 0 0 1.5182
102 1 8 1 1 2 1 1 -1 -1 1 0 0 1 1 0.7460
103 3 7 3 1 2 2 1 3 -1 1 1 0 0 1 1.5659
104 1 1 3 1 1 2 1 -1 -1 1 0 0 1 0 1.0801
105 2 2 3 1 1 1 1 -1 -1 1 0 0 1 0 2.2013
106 3 5 3 3 1 2 2 3 -1 1 1 0 0 0 2.1074
107 3 1 1 3 1 2 1 -1 -1 1 0 0 1 0 0.9197
108 1 4 1 1 1 2 1 -1 -1 1 0 0 1 1 0.6462
109 1 1 3 1 2 1 1 3 -1 1 1 0 0 1 1.1449
110 3 1 2 2 2 1 2 -1 -1 1 0 0 1 1 2.0907
