Ear: L
Audiogram left  : NA
Audiogram right : NA
# Keys:
# Consonant_ID  : d=1 g=2 l=3 f=4 th=5 jh=6 p=7 sh=8 t=9 
# Vowel_ID      : IH=1 EH=2 AE=3 
# F0_ID         : high_f0=1 low_f0=2 # Columns       : Trial Consonant_1_ID Consonant_2_ID Vowel_ID F0_ID Heard_Consonant Answer_vowel Correct Time_elapsed
1 3 5 1 2 1 1 1 0.6754
2 1 8 2 2 1 2 1 0.8067
3 1 8 2 1 1 2 1 0.6371
4 2 9 2 2 1 2 1 0.5505
5 1 6 3 1 1 3 1 0.6228
6 2 9 3 1 1 3 1 0.6049
7 3 5 3 2 1 2 0 0.7348
8 2 5 3 1 1 3 1 3.4269
9 2 5 1 2 1 1 1 0.9843
10 2 9 2 1 1 2 1 1.2452
11 1 8 3 2 1 3 1 0.9165
12 2 5 2 1 1 2 1 0.6841
13 3 6 1 2 1 1 1 0.6426
14 2 2 2 2 1 2 1 1.5526
15 2 2 3 2 1 3 1 0.8258
16 2 5 3 2 1 3 1 0.9586
17 3 5 3 1 1 3 1 0.6947
18 3 6 2 1 1 2 1 0.6394
19 3 6 2 2 1 2 1 0.6022
20 2 5 2 2 1 2 1 0.5840
21 2 2 1 1 1 1 1 0.5674
22 3 7 2 2 1 2 1 0.7161
23 1 4 3 1 1 3 1 0.6569
24 1 4 3 2 1 3 1 0.6624
25 1 1 1 2 1 1 1 0.5183
26 3 7 1 1 1 1 1 0.4305
27 3 7 3 2 1 3 1 0.7870
28 3 6 3 2 1 3 1 1.2369
29 3 6 1 1 1 1 1 1.1991
30 1 4 1 2 1 1 1 0.7844
31 1 6 1 1 1 1 1 0.9830
32 1 4 2 2 1 2 1 0.8685
33 3 1 1 2 1 1 1 0.7600
34 1 8 1 1 1 1 1 1.0708
35 2 2 2 1 0 2 1 1.5928
36 3 5 2 2 1 2 1 0.4825
37 3 1 3 2 1 3 1 0.7429
38 3 5 1 1 1 1 1 0.6028
39 1 1 3 1 1 3 1 1.9356
40 1 1 2 1 1 2 1 0.9602
41 1 1 1 1 1 1 1 1.2146
42 3 1 2 2 1 2 1 1.7361
43 1 8 1 2 1 1 1 1.3481
44 2 9 1 2 1 1 1 1.0412
45 2 5 1 1 1 1 1 0.9890
46 2 9 3 2 1 3 1 0.7889
47 3 7 1 2 1 1 1 0.5188
48 1 4 1 1 1 1 1 0.5305
49 3 7 2 1 1 2 1 1.3855
50 2 2 3 1 1 3 1 0.6569
51 1 6 2 2 1 2 1 0.6213
52 1 1 3 2 1 3 1 0.4813
53 2 2 1 2 1 1 1 0.5059
54 3 6 3 1 1 3 1 0.4608
55 3 1 3 1 1 3 1 0.5399
56 1 6 1 2 1 1 1 0.5075
57 3 5 2 1 1 1 0 2.5068
58 1 4 2 1 1 2 1 0.6790
59 3 7 3 1 1 3 1 0.6018
60 3 1 2 1 1 2 1 0.6134
61 1 6 2 1 1 2 1 0.4594
62 3 1 1 1 1 1 1 0.5196
63 1 8 3 1 1 2 0 1.8781
64 1 6 3 2 1 3 1 1.1946
65 1 1 2 2 1 2 1 0.5910
66 2 9 1 1 1 1 1 1.6693
