Ear: B
Audiogram left  : NA
Audiogram right : NA
# Keys:
# Consonant_ID  : d=1 g=2 l=3 f=4 th=5 jh=6 p=7 sh=8 t=9 
# Vowel_ID      : IH=1 EH=2 AE=3 
# F0_ID         : high_f0=1 low_f0=2 
# Columns       : Trial Con1 Con2 V1 V2 F01 F02 Ans1V Ans2V Ans3V Ans1C Ans2C Ans3C OneType BothOK RT
1 3 5 1 1 2 1 1 -1 -1 1 0 0 1 1 1.3939
2 3 7 2 2 1 2 1 2 -1 1 1 0 0 0 1.4952
3 3 5 3 1 2 2 1 3 -1 1 1 0 0 1 1.5209
4 2 2 1 3 1 2 1 3 -1 1 1 0 0 1 1.5723
5 1 8 1 3 1 2 1 3 -1 1 1 0 0 1 1.3877
6 3 7 1 3 1 1 1 3 -1 1 1 0 0 1 1.2412
7 3 5 1 3 2 1 1 3 -1 1 1 0 0 1 1.5217
8 3 7 3 1 2 1 1 3 -1 1 1 0 0 1 1.7193
9 2 9 1 3 1 2 3 2 -1 1 1 0 0 0 2.9501
10 3 1 2 2 1 2 2 3 -1 1 1 0 0 0 2.0743
11 1 6 1 3 1 2 3 1 -1 1 1 0 0 1 2.7704
12 3 1 3 3 2 2 3 -1 -1 1 0 0 1 1 0.7253
13 1 4 3 3 1 2 3 -1 -1 1 0 0 1 1 0.9170
14 1 8 1 1 1 1 1 -1 -1 1 0 0 1 1 1.3152
15 1 1 2 2 2 1 2 1 -1 1 1 0 0 0 3.4619
16 2 2 2 2 1 2 2 -1 -1 1 0 0 1 1 1.3379
17 2 9 1 3 2 2 3 -1 -1 1 0 0 1 0 1.4264
18 1 8 1 3 2 1 2 1 -1 1 1 0 0 0 2.8595
19 1 1 1 3 2 2 3 1 -1 1 1 0 0 1 1.9694
20 3 5 3 3 2 1 2 3 -1 1 1 0 0 0 1.7323
21 3 6 3 1 2 2 1 -1 -1 1 0 0 1 0 1.1144
22 2 9 3 1 1 2 1 3 -1 1 1 0 0 1 1.4949
23 3 6 1 3 1 2 1 2 -1 1 1 0 0 0 3.0333
24 2 9 3 1 2 1 1 3 -1 1 1 0 0 1 1.8245
25 3 5 1 3 1 2 1 3 -1 1 1 0 0 1 3.1874
26 3 7 1 3 1 2 3 -1 -1 1 0 0 1 0 1.2015
27 2 9 3 1 2 2 1 -1 -1 1 0 0 1 0 1.0645
28 2 5 3 1 1 2 1 -1 -1 1 0 0 1 0 0.9483
29 2 5 1 3 2 2 1 3 -1 1 1 0 0 1 2.7229
30 3 1 1 3 2 1 2 1 -1 1 1 0 0 0 1.8026
31 3 6 1 3 1 1 1 3 -1 1 1 0 0 1 1.8487
32 1 1 1 3 1 1 1 3 -1 1 1 0 0 1 2.8558
33 2 2 1 3 1 1 1 3 -1 1 1 0 0 1 1.6294
34 2 5 1 1 2 2 1 -1 -1 1 0 0 1 1 0.9041
35 3 5 2 2 1 2 1 2 -1 1 1 0 0 0 1.4774
36 1 8 2 2 2 1 2 -1 -1 1 0 0 1 1 0.6579
37 2 2 2 2 1 1 2 -1 -1 1 0 0 1 1 0.7961
38 3 5 2 2 2 1 2 -1 -1 1 0 0 1 1 2.8389
39 2 5 1 3 1 1 1 3 -1 1 1 0 0 1 2.1384
40 3 7 3 3 2 1 3 1 -1 1 1 0 0 0 2.3108
41 1 4 3 1 1 2 1 3 -1 1 1 0 0 1 2.4223
42 3 6 1 3 2 1 2 1 -1 1 1 0 0 0 2.5328
43 1 8 1 1 1 2 1 -1 -1 1 0 0 1 1 1.2478
44 1 1 1 3 1 2 3 1 -1 1 1 0 0 1 2.0192
45 2 9 3 3 2 1 3 -1 -1 1 0 0 1 1 0.8874
46 3 7 2 2 1 1 2 -1 -1 1 0 0 1 1 1.1405
47 1 1 1 3 2 1 1 3 -1 1 1 0 0 1 1.7687
48 1 6 3 1 2 1 1 3 -1 1 1 0 0 1 3.2883
49 3 6 1 3 2 2 3 1 -1 1 1 0 0 1 5.5651
50 1 8 3 3 1 1 3 -1 -1 1 0 0 1 1 1.6960
51 2 5 2 2 1 1 2 -1 -1 1 0 0 1 1 2.2021
52 2 9 2 2 1 2 2 -1 -1 1 0 0 1 1 1.1520
53 2 5 1 3 2 1 1 3 -1 1 1 0 0 1 1.8679
54 3 5 3 3 1 1 2 -1 -1 1 0 0 1 0 0.7758
55 3 7 1 3 2 1 1 3 -1 1 1 0 0 1 2.5801
56 3 7 3 1 1 2 1 3 -1 1 1 0 0 1 1.7619
57 1 6 1 3 1 1 3 1 -1 1 1 0 0 1 1.7069
58 3 6 3 3 2 1 3 -1 -1 1 0 0 1 1 1.4907
59 2 2 3 1 1 2 1 -1 -1 1 0 0 1 0 0.8753
60 2 5 2 2 2 2 2 -1 -1 1 0 0 1 1 0.8819
61 2 2 1 3 2 1 1 3 -1 1 1 0 0 1 1.4785
62 3 1 3 1 2 1 1 -1 -1 1 0 0 1 0 2.1430
63 2 9 1 3 1 1 1 3 -1 1 1 0 0 1 1.8242
64 3 1 3 1 1 1 1 2 -1 1 1 0 0 0 1.6922
65 1 1 1 1 2 2 1 -1 -1 1 0 0 1 1 1.4479
66 1 6 2 2 2 1 2 -1 -1 1 0 0 1 1 1.5328
67 2 5 1 3 1 2 1 3 -1 1 1 0 0 1 1.5914
68 1 8 1 3 2 2 1 3 -1 1 1 0 0 1 2.1405
69 3 7 1 3 2 2 1 3 -1 1 1 0 0 1 1.5339
70 2 2 1 1 1 2 1 -1 -1 1 0 0 1 1 3.4820
71 1 8 1 3 1 1 1 3 -1 1 1 0 0 1 1.4484
72 1 1 3 1 1 1 1 -1 -1 1 0 0 1 0 1.2250
73 1 6 3 1 1 2 1 3 -1 1 1 0 0 1 2.6097
74 1 1 3 3 1 2 3 -1 -1 1 0 0 1 1 1.1662
75 3 1 1 3 2 2 1 3 -1 1 1 0 0 1 1.7599
76 3 6 3 3 1 2 3 -1 -1 1 0 0 1 1 1.2072
77 3 6 3 1 2 1 1 -1 -1 1 0 0 1 0 1.3728
78 2 2 3 1 2 1 1 3 -1 1 1 0 0 1 2.4137
79 1 6 1 3 2 1 3 1 -1 1 1 0 0 1 1.8950
80 1 8 3 3 2 1 3 -1 -1 1 0 0 1 1 1.2149
81 2 5 1 1 1 2 1 -1 -1 1 0 0 1 1 1.2124
82 1 4 3 1 1 1 1 -1 -1 1 0 0 1 0 1.9833
83 1 6 3 3 2 1 3 -1 -1 1 0 0 1 1 1.6040
84 1 4 3 1 2 2 1 3 -1 1 1 0 0 1 1.9711
85 3 5 3 1 2 1 1 -1 -1 1 0 0 1 0 1.0915
86 1 4 1 3 2 2 1 3 -1 1 1 0 0 1 1.7871
87 2 2 2 2 2 1 2 -1 -1 1 0 0 1 1 1.9295
88 2 5 3 1 2 2 1 3 -1 1 1 0 0 1 2.3053
89 1 4 2 2 1 2 2 -1 -1 1 0 0 1 1 1.2347
90 3 7 3 3 1 1 3 -1 -1 1 0 0 1 1 1.6216
91 2 9 3 3 1 2 2 3 -1 1 1 0 0 0 1.9631
92 2 2 3 3 2 1 3 -1 -1 1 0 0 1 1 1.1964
93 1 1 2 2 1 2 2 -1 -1 1 0 0 1 1 0.8959
94 3 5 3 1 1 2 1 3 -1 1 1 0 0 1 1.3104
95 3 6 3 1 1 1 1 -1 -1 1 0 0 1 0 1.2043
96 3 7 3 1 1 1 1 3 -1 1 1 0 0 1 2.4802
97 2 5 2 2 2 1 2 3 -1 1 1 0 0 0 2.4200
98 3 1 1 3 1 1 1 3 -1 1 1 0 0 1 1.4849
99 1 4 1 3 1 2 1 3 -1 1 1 0 0 1 1.5891
100 3 6 2 2 2 1 2 3 -1 1 1 0 0 0 1.6078
101 3 5 1 3 1 1 1 3 -1 1 1 0 0 1 1.7300
102 1 8 1 1 2 1 1 3 -1 1 1 0 0 0 2.1734
103 3 7 3 1 2 2 1 3 -1 1 1 0 0 1 1.4646
104 1 1 3 1 1 2 1 3 -1 1 1 0 0 1 1.3503
105 2 2 3 1 1 1 1 3 -1 1 1 0 0 1 1.5212
106 3 5 3 3 1 2 2 3 -1 1 1 0 0 0 3.1700
107 3 1 1 3 1 2 1 3 -1 1 1 0 0 1 2.4912
108 1 4 1 1 1 2 1 -1 -1 1 0 0 1 1 1.3433
109 1 1 3 1 2 1 1 3 -1 1 1 0 0 1 2.6171
110 3 1 2 2 2 1 2 3 -1 1 1 0 0 0 2.2661
