Ear: B
Audiogram left  : NA
Audiogram right : NA
# Keys:
# Consonant_ID  : d=1 g=2 l=3 f=4 th=5 jh=6 p=7 sh=8 t=9 
# Vowel_ID      : IH=1 EH=2 AE=3 
# F0_ID         : high_f0=1 low_f0=2 # Columns       : Trial Consonant_1_ID Consonant_2_ID Vowel_ID F0_ID Heard_Consonant Answer_vowel Correct Time_elapsed
1 3 6 3 1 1 3 1 0.5318
2 1 6 1 1 1 1 1 0.6627
3 3 5 3 1 1 3 1 0.4919
4 2 5 3 1 1 2 0 0.2771
5 1 1 2 1 1 2 1 1.3333
6 1 6 2 1 1 2 1 1.4382
7 1 1 1 1 1 1 1 0.9919
8 1 1 1 2 1 1 1 2.0425
9 1 1 3 2 1 3 1 0.8338
10 1 8 1 1 1 1 1 2.3936
11 1 8 3 2 1 3 1 0.9332
12 1 4 2 1 1 2 1 0.7297
13 2 9 2 2 1 2 1 2.9780
14 1 8 2 2 1 2 1 2.0055
15 1 8 2 1 1 2 1 1.5813
16 3 7 2 1 1 2 1 0.7350
17 1 6 3 2 1 3 1 1.0420
18 3 6 1 2 1 1 1 0.8549
19 3 5 1 1 1 1 1 1.1868
20 2 9 2 1 1 2 1 0.6537
21 1 1 3 1 1 3 1 1.1612
22 3 6 2 2 1 2 1 1.0866
23 2 9 3 2 1 3 1 1.0494
24 3 5 3 2 1 2 0 1.1312
25 2 2 2 1 1 2 1 1.0586
26 3 6 2 1 1 2 1 0.7860
27 1 8 3 1 1 3 1 0.9895
28 2 5 2 2 1 2 1 0.7155
29 3 1 3 2 1 3 1 0.7877
30 2 9 1 1 1 1 1 0.6243
31 3 7 1 1 1 1 1 0.7939
32 2 5 1 1 1 1 1 1.8106
33 1 4 1 2 1 1 1 1.8013
34 1 4 2 2 1 2 1 0.9499
35 1 4 1 1 1 1 1 0.9078
36 1 4 3 1 1 3 1 0.6311
37 3 1 2 2 1 2 1 1.3078
38 3 6 1 1 1 1 1 0.6134
39 2 9 1 2 1 1 1 2.9356
40 2 2 1 1 1 1 1 0.9623
41 1 1 2 2 1 2 1 0.9951
42 2 2 1 2 1 1 1 1.0290
43 2 9 3 1 1 3 1 0.8451
44 3 1 1 1 1 1 1 0.6866
45 3 1 2 1 1 2 1 0.7357
46 3 7 2 2 1 2 1 0.6101
47 1 4 3 2 1 3 1 1.1157
48 1 6 2 2 1 2 1 1.2240
49 3 5 2 2 1 2 1 1.2902
50 1 8 1 2 1 1 1 1.3327
51 2 5 3 2 1 2 0 0.5305
52 2 5 1 2 1 1 1 0.7629
53 3 7 3 1 1 3 1 0.7883
54 3 7 3 2 1 3 1 1.1014
55 2 2 3 1 1 3 1 0.9655
56 3 6 3 2 1 3 1 0.9821
57 1 6 1 2 1 1 1 1.1774
58 3 1 1 2 1 1 1 0.7762
59 2 5 2 1 1 2 1 1.2330
60 3 7 1 2 1 1 1 0.7772
61 3 5 1 2 1 1 1 1.0438
62 1 6 3 1 1 3 1 0.7440
63 2 2 2 2 1 2 1 0.7690
64 3 5 2 1 1 2 1 0.9705
65 2 2 3 2 1 3 1 1.4317
66 3 1 3 1 1 3 1 0.8875
