Ear: B
Audiogram left  : NA
Audiogram right : NA
# Keys:
# Consonant_ID  : d=1 g=2 l=3 f=4 th=5 jh=6 p=7 sh=8 t=9 
# Vowel_ID      : IH=1 EH=2 AE=3 
# F0_ID         : high_f0=1 low_f0=2 # Columns       : Trial Consonant_1_ID Consonant_2_ID Vowel_ID F0_ID Heard_Consonant Answer_vowel Correct Time_elapsed
1 1 6 2 2 1 2 1 0.7027
2 2 5 2 1 1 2 1 0.8215
3 1 6 2 1 1 2 1 0.6809
4 3 5 1 2 1 1 1 0.1601
5 1 8 2 2 1 2 1 0.2895
6 1 1 3 1 1 3 1 1.1468
7 2 2 3 2 1 3 1 0.6041
8 3 7 2 1 1 2 1 0.9280
9 3 7 1 1 1 1 1 0.6398
10 3 7 2 1 1 2 1 0.3112
11 1 8 1 1 1 1 1 0.6748
12 1 1 1 1 1 1 1 0.2671
13 2 2 1 1 1 1 1 0.5439
14 1 8 1 2 1 1 1 0.4480
15 3 5 2 2 1 2 1 0.1819
16 3 6 2 2 1 2 1 0.5382
17 3 7 3 1 1 3 1 0.7871
18 1 8 1 1 1 1 1 0.1285
19 3 7 1 1 1 1 1 0.1173
20 1 8 3 2 1 3 1 1.3561
21 3 6 3 2 1 3 1 0.9410
22 1 8 2 2 1 2 1 0.9459
23 1 8 3 1 1 3 1 0.8394
24 1 8 3 1 1 3 1 1.0720
25 3 7 2 2 1 2 1 0.2792
26 3 7 3 2 1 3 1 0.6745
27 3 7 3 1 1 3 1 1.0526
28 3 7 1 2 1 1 1 0.1692
29 2 9 1 1 1 1 1 0.1614
30 2 9 2 2 1 2 1 0.5878
31 2 2 1 2 1 1 1 0.3932
32 2 9 3 2 1 3 1 0.7079
33 3 1 3 2 1 3 1 0.5941
34 1 6 1 1 1 1 1 0.6973
35 3 5 1 1 1 1 1 1.0314
36 3 7 2 1 1 2 1 1.3550
37 2 9 3 1 1 3 1 0.6050
38 2 2 3 1 1 3 1 0.8600
39 2 2 2 2 1 2 1 0.5348
40 1 8 1 2 1 1 1 0.6538
41 1 1 2 2 1 2 1 0.6053
42 2 5 1 2 1 1 1 0.5264
43 3 5 3 2 1 3 1 0.6281
44 3 7 3 1 1 3 1 0.6612
45 3 5 3 1 1 3 1 0.6400
46 3 1 2 2 1 2 1 1.5211
47 2 5 3 1 1 3 1 0.6594
48 3 7 1 1 1 1 1 0.5355
49 2 5 3 2 1 3 1 0.6526
50 1 1 3 2 1 3 1 0.5982
51 1 8 2 1 1 2 1 1.7146
52 1 8 2 1 1 2 1 0.8751
53 2 9 2 1 1 2 1 0.5858
54 2 9 1 2 1 1 1 0.2972
55 3 6 1 2 1 1 1 0.5506
56 1 6 3 2 1 3 1 0.7012
57 3 1 1 2 1 1 1 0.6035
58 2 5 1 1 1 1 1 1.8290
59 1 1 2 1 1 2 1 0.6978
60 1 6 1 2 1 1 1 0.7181
61 1 6 3 1 1 3 1 1.3945
62 3 5 2 1 1 2 1 0.6088
63 1 1 1 2 1 1 1 0.6009
64 2 5 2 2 1 2 1 0.5304
65 1 8 3 2 1 3 1 2.0094
66 2 2 2 1 1 2 1 0.7443
