Ear: R
Audiogram left  : NA
Audiogram right : NA
# Keys:
# Consonant_ID  : d=1 g=2 l=3 f=4 th=5 jh=6 p=7 sh=8 t=9 
# Vowel_ID      : IH=1 EH=2 AE=3 
# F0_ID         : high_f0=1 low_f0=2 # Columns       : Trial Consonant_1_ID Consonant_2_ID Vowel_ID F0_ID Heard_Consonant Answer_vowel Correct Time_elapsed
1 2 9 2 2 1 2 1 1.1421
2 3 7 1 1 1 1 1 0.9109
3 3 5 3 2 1 3 1 0.8173
4 2 9 1 2 1 1 1 0.6756
5 2 9 2 1 1 2 1 0.6090
6 1 6 2 2 1 2 1 0.3881
7 1 8 1 1 1 1 1 0.1583
8 3 7 3 2 1 3 1 0.7914
9 1 1 1 2 1 1 1 1.0692
10 1 6 3 2 1 3 1 1.6104
11 2 2 3 2 1 3 1 2.1710
12 1 6 1 2 1 1 1 0.7033
13 2 9 3 1 1 3 1 0.5923
14 1 1 2 1 1 2 1 0.9016
15 3 7 1 2 1 1 1 0.6693
16 3 1 1 2 1 1 1 0.7694
17 3 5 2 2 1 2 1 0.7710
18 1 8 1 2 1 1 1 0.6667
19 3 1 2 2 1 2 1 0.5612
20 3 6 1 2 1 1 1 0.5962
21 3 6 2 2 1 2 1 0.8314
22 2 5 2 2 1 2 1 0.6528
23 1 8 2 1 1 2 1 0.4454
24 2 5 3 1 1 3 1 0.8758
25 3 1 3 2 1 3 1 0.5665
26 2 2 2 1 1 2 1 0.3246
27 1 8 3 1 1 3 1 1.2390
28 3 5 2 1 1 2 1 1.6181
29 3 7 2 2 1 2 1 0.6628
30 2 9 1 1 1 1 1 0.7756
31 1 8 2 1 1 2 1 0.6448
32 1 8 3 2 1 3 1 1.0179
33 1 1 2 2 1 2 1 0.5857
34 3 7 2 1 1 2 1 0.9614
35 3 7 2 1 1 2 1 1.9502
36 1 1 3 2 1 3 1 1.1376
37 3 7 3 1 1 3 1 0.8439
38 1 6 1 1 1 1 1 0.3597
39 2 5 1 1 1 1 1 0.2156
40 1 1 1 1 1 1 1 0.5970
41 1 1 3 1 1 3 1 0.6136
42 1 8 3 2 1 3 1 0.6523
43 1 8 2 2 1 2 1 1.7926
44 3 5 1 1 1 1 1 0.6071
45 2 2 1 2 1 1 1 0.5980
46 2 9 3 2 1 3 1 1.6530
47 2 5 1 2 1 1 1 0.5803
48 2 5 2 1 1 2 1 1.0845
49 3 6 3 2 1 3 1 0.8174
50 1 8 1 1 1 1 1 0.6806
51 2 2 1 1 1 1 1 0.4820
52 1 6 3 1 1 3 1 0.7469
53 1 8 3 1 1 3 1 0.7626
54 3 5 3 1 1 3 1 0.5942
55 2 5 3 2 1 3 1 0.5209
56 1 8 1 2 1 1 1 0.8050
57 3 7 2 1 1 2 1 0.3651
58 3 7 3 1 1 3 1 0.5873
59 3 7 1 1 1 1 1 0.2432
60 3 5 1 2 1 1 1 0.6351
61 2 2 3 1 1 3 1 0.5920
62 1 8 2 2 1 3 0 3.5622
63 1 6 2 1 1 2 1 1.4308
64 3 7 1 1 1 1 1 0.5141
65 3 7 3 1 1 3 1 1.1478
66 2 2 2 2 1 2 1 0.5712
