Ear: L
Audiogram left  : NA
Audiogram right : NA
# Keys:
# Consonant_ID  : d=1 g=2 l=3 f=4 th=5 jh=6 p=7 sh=8 t=9 
# Vowel_ID      : IH=1 EH=2 AE=3 
# F0_ID         : high_f0=1 low_f0=2 # Columns       : Trial Consonant_1_ID Consonant_2_ID Vowel_ID F0_ID Heard_Consonant Answer_vowel Correct Time_elapsed
1 2 2 1 1 1 1 1 0.4559
2 1 8 2 1 1 2 1 0.6540
3 3 1 3 2 1 3 1 0.8477
4 3 7 3 1 1 3 1 0.9047
5 2 9 1 2 1 1 1 1.5340
6 1 1 2 2 1 2 1 1.7020
7 1 8 2 1 1 2 1 0.9565
8 1 8 1 2 1 1 1 0.6741
9 1 8 3 1 1 2 0 0.5423
10 2 9 1 1 1 1 1 0.2648
11 1 6 1 2 1 1 1 0.3502
12 3 7 2 1 1 2 1 1.0117
13 2 2 3 1 1 3 1 0.7920
14 1 8 1 1 1 1 1 0.1391
15 3 7 3 1 1 3 1 2.0278
16 1 1 2 1 1 2 1 0.6060
17 1 6 1 1 1 1 1 0.2882
18 3 7 1 1 1 1 1 0.1922
19 1 1 1 1 1 1 1 0.0945
20 2 9 3 2 1 3 1 0.6097
21 2 2 2 2 1 2 1 0.5649
22 1 6 2 1 1 2 1 0.4059
23 1 8 2 2 1 2 1 0.6488
24 1 8 1 1 1 1 1 0.3408
25 1 8 1 2 1 1 1 0.1682
26 2 5 2 1 1 2 1 0.5296
27 1 1 3 1 1 3 1 1.3211
28 2 2 2 1 1 2 1 0.3474
29 1 6 3 1 1 3 1 1.4777
30 3 6 2 2 1 2 1 0.5179
31 2 2 1 2 1 1 1 0.9089
32 1 8 3 2 1 3 1 0.7960
33 3 5 1 1 1 1 1 0.1581
34 3 7 2 1 1 1 0 0.2122
35 2 9 3 1 1 3 1 0.5847
36 1 8 3 2 1 2 0 1.3111
37 2 5 3 2 1 2 0 0.5332
38 1 1 3 2 1 3 1 0.6026
39 3 7 2 1 1 2 1 0.3443
40 3 6 3 2 1 3 1 0.5236
41 3 5 3 2 1 2 0 1.4573
42 3 7 1 1 1 1 1 0.5448
43 2 9 2 1 1 2 1 0.5901
44 3 7 3 1 1 3 1 1.0827
45 3 5 2 2 1 2 1 0.6289
46 1 1 1 2 1 1 1 0.5842
47 3 5 2 1 1 2 1 0.6385
48 3 1 2 2 1 2 1 0.6129
49 2 5 3 1 1 2 0 0.6214
50 2 5 1 1 1 1 1 0.1925
51 1 6 3 2 1 3 1 0.7966
52 2 9 2 2 1 2 1 1.0534
53 3 7 3 2 1 3 1 0.6519
54 1 8 3 1 1 2 0 2.5893
55 3 5 3 1 1 3 1 0.6105
56 1 6 2 2 1 2 1 0.2251
57 2 5 2 2 1 2 1 0.5313
58 3 5 1 2 1 1 1 0.8539
59 3 7 2 2 1 2 1 0.6573
60 3 6 1 2 1 1 1 0.5757
61 3 7 1 2 1 1 1 0.3759
62 2 2 3 2 1 3 1 0.6803
63 3 7 1 1 1 1 1 0.6552
64 2 5 1 2 1 1 1 0.1482
65 3 1 1 2 1 1 1 0.2771
66 1 8 2 2 1 2 1 0.8212
