Ear: B
Audiogram left  : NA
Audiogram right : NA
# Keys:
# Consonant_ID  : d=1 g=2 l=3 f=4 th=5 jh=6 p=7 sh=8 t=9 
# Vowel_ID      : IH=1 EH=2 AE=3 
# F0_ID         : high_f0=1 low_f0=2 
# Columns       : Trial Con1 Con2 V1 V2 F01 F02 Ans1V Ans2V Ans3V Ans1C Ans2C Ans3C OneType BothOK RT
1 1 1 1 1 2 2 1 1 -1 1 0 0 1 1 10.6323
2 1 1 3 3 2 2 3 -1 -1 1 0 0 1 1 1.2342
3 1 1 1 3 1 2 3 1 -1 1 0 0 0 1 3.7579
4 1 1 3 1 1 2 3 1 -1 1 0 0 0 1 4.6222
5 2 2 2 2 2 1 2 -1 -1 1 0 0 1 1 5.2611
6 1 8 3 1 1 2 1 3 -1 1 1 0 0 1 4.1595
7 1 8 3 1 1 1 1 3 -1 1 0 0 0 1 7.4113
8 3 7 1 1 1 1 1 -1 -1 1 0 0 1 1 1.0092
9 3 7 1 1 2 1 1 1 -1 1 0 0 1 1 2.7040
10 3 5 3 1 2 2 1 3 -1 1 0 0 0 1 2.1610
11 2 5 3 3 2 2 3 -1 -1 1 0 0 1 1 0.8224
12 1 8 3 1 1 2 1 3 -1 1 0 0 0 1 6.9799
13 1 8 1 3 2 2 1 3 -1 1 0 0 0 1 9.0759
14 1 1 2 2 1 2 2 -1 -1 1 0 0 1 1 12.7457
15 2 2 3 3 2 1 3 -1 -1 1 0 0 1 1 0.8889
16 1 6 1 1 2 1 1 -1 -1 1 0 0 1 1 7.1779
17 3 5 2 2 1 1 2 -1 -1 1 0 0 1 1 0.9513
18 2 5 3 1 2 2 1 3 -1 1 0 0 0 1 5.1669
19 2 2 3 1 1 1 1 3 -1 1 0 0 0 1 5.4001
20 2 9 3 1 1 1 1 3 -1 1 0 0 0 1 4.0617
21 1 8 1 3 2 2 1 3 -1 1 0 0 0 1 5.3278
22 1 8 3 1 1 1 1 3 -1 1 0 0 0 1 5.6745
23 2 2 2 2 1 1 2 -1 -1 1 0 0 1 1 1.0995
24 1 1 1 3 2 1 3 -1 -1 1 0 0 1 0 2.1514
25 3 5 3 1 1 1 1 3 -1 1 0 0 0 1 6.2357
26 2 5 1 3 1 2 1 3 -1 1 0 0 0 1 13.7754
27 1 6 3 1 2 2 1 3 -1 1 0 0 0 1 11.8809
28 2 2 1 3 1 1 1 3 -1 1 0 0 0 1 15.2562
29 1 6 3 1 1 1 1 3 -1 1 0 0 0 1 5.0465
30 1 8 2 2 2 2 2 -1 -1 1 0 0 1 1 1.2246
31 1 1 3 1 1 1 1 3 -1 1 0 0 0 1 10.4449
32 3 5 1 3 1 2 1 3 -1 1 0 0 0 1 18.9720
33 1 8 1 3 1 1 1 3 -1 1 0 0 0 1 3.2952
34 3 7 1 3 2 1 1 3 -1 1 0 0 0 1 6.0134
35 3 7 3 3 1 2 2 3 -1 1 0 0 0 0 4.8181
36 2 2 1 3 2 1 1 3 -1 1 0 0 0 1 7.1408
37 3 5 2 2 2 2 2 -1 -1 1 0 0 1 1 0.6563
38 3 6 1 3 1 1 1 3 -1 1 0 0 0 1 4.2912
39 2 5 3 1 2 1 1 3 -1 1 0 0 0 1 5.5918
40 3 5 1 3 1 1 1 2 -1 1 0 0 0 0 6.7116
41 2 2 3 1 2 2 1 3 -1 1 1 0 0 1 10.8844
42 1 1 3 3 1 1 3 -1 -1 1 0 0 1 1 1.3974
43 3 7 1 3 1 1 1 3 -1 1 0 0 0 1 6.5454
44 2 9 1 3 2 1 1 3 -1 0 1 0 0 1 9.2539
45 3 5 1 3 2 2 1 3 -1 1 0 0 0 1 5.4251
46 1 1 3 1 2 1 1 3 -1 1 1 0 0 1 6.2781
47 3 5 3 3 2 1 2 3 -1 1 0 0 0 0 5.5218
48 2 9 3 1 2 2 3 1 -1 0 1 0 0 1 6.1797
49 1 6 1 3 2 2 1 3 -1 1 0 0 0 1 4.9599
50 1 8 1 3 1 1 1 3 -1 1 0 0 0 1 4.9804
51 2 9 3 3 1 2 3 3 -1 1 0 0 1 1 1.4237
52 3 7 3 3 2 2 3 -1 -1 1 0 0 1 1 4.3938
53 1 1 1 3 1 1 3 1 -1 1 1 0 0 1 4.4856
54 1 8 1 3 2 1 1 3 -1 1 1 0 0 1 9.9244
55 1 8 2 2 1 2 2 -1 -1 1 0 0 1 1 11.7763
56 2 9 1 3 1 2 1 3 -1 1 1 0 0 1 3.3867
57 1 8 1 3 1 2 1 3 -1 1 0 0 0 1 1.9673
58 1 8 3 3 2 2 3 -1 -1 1 0 0 1 1 1.2885
59 1 6 1 3 1 2 1 3 -1 1 1 0 0 1 6.8269
60 3 7 3 1 2 2 3 1 -1 1 0 0 0 1 9.0318
61 2 5 1 3 2 2 1 3 -1 1 0 0 0 1 4.0812
62 2 2 1 3 1 2 1 3 -1 1 1 0 0 1 6.1710
63 2 9 3 3 2 1 3 3 -1 1 0 0 1 1 10.4249
64 3 7 3 3 2 2 3 -1 -1 1 0 0 1 1 6.1494
65 2 9 3 1 2 1 1 3 -1 1 1 0 0 1 2.8828
66 3 7 1 3 2 2 1 3 -1 1 1 0 0 1 1.2943
67 3 1 1 3 1 1 1 3 -1 1 1 0 0 1 4.5012
68 3 7 1 1 2 2 1 -1 -1 1 0 0 1 1 0.9532
69 3 1 3 1 1 1 1 3 -1 1 1 0 0 1 5.8121
70 3 6 3 1 1 1 1 3 -1 1 0 0 0 1 4.6598
71 2 2 3 1 1 2 3 1 -1 1 1 0 0 1 4.6646
72 2 5 1 3 1 1 1 3 -1 1 0 0 0 1 3.9336
73 3 5 1 1 1 1 1 -1 -1 1 0 0 1 1 1.5090
74 1 8 3 1 2 1 1 3 -1 1 1 0 0 1 6.5899
75 3 5 1 3 2 1 1 3 -1 1 0 0 0 1 4.0511
76 2 9 3 1 1 2 3 1 -1 1 1 0 0 1 5.7052
77 3 7 1 3 1 2 1 3 -1 1 0 0 0 1 6.8815
78 1 6 3 1 2 1 1 3 -1 1 0 0 0 1 6.0575
79 3 7 3 1 2 2 1 3 -1 1 0 0 0 1 6.2049
80 3 7 3 1 2 1 1 3 -1 1 1 0 0 1 7.9164
81 2 2 1 3 2 2 1 3 -1 1 1 0 0 1 1.9914
82 1 6 1 3 2 1 1 3 -1 1 1 0 0 1 5.4144
83 2 9 1 3 1 1 1 3 -1 1 0 0 0 1 3.9165
84 3 7 1 3 2 1 1 3 -1 1 1 0 0 1 5.1433
85 2 2 1 1 2 1 1 -1 -1 1 0 0 1 1 4.5058
86 2 2 3 3 1 2 3 -1 -1 1 0 0 1 1 0.7631
87 1 8 1 3 1 2 1 3 -1 1 0 0 0 1 11.3173
88 3 5 3 1 2 1 1 3 -1 1 0 0 0 1 5.2256
89 2 2 3 3 1 1 3 -1 -1 1 0 0 1 1 1.3974
90 2 5 3 3 1 2 3 -1 -1 1 0 0 1 1 5.4788
91 1 1 1 1 1 2 1 1 -1 1 0 0 1 1 8.6929
92 2 5 3 3 1 1 3 -1 -1 1 0 0 1 1 0.7079
93 1 6 2 2 1 1 2 -1 -1 1 0 0 1 1 1.5486
94 3 5 2 2 1 2 2 2 -1 1 0 0 1 1 4.7729
95 3 5 3 1 1 2 1 3 -1 1 0 0 0 1 4.8463
96 1 8 3 3 1 2 3 3 -1 1 0 0 1 1 4.8791
97 3 7 3 1 1 1 1 2 -1 1 1 0 0 0 7.5619
98 1 6 3 1 1 2 1 3 -1 1 1 0 0 1 4.2599
99 3 7 3 1 1 2 1 3 -1 1 1 0 0 1 2.4853
