Ear: B
Audiogram left  : NA
Audiogram right : NA
# Keys:
# Consonant_ID  : d=1 g=2 l=3 f=4 th=5 jh=6 p=7 sh=8 t=9 
# Vowel_ID      : IH=1 EH=2 AE=3 
# F0_ID         : high_f0=1 low_f0=2 
# Columns       : Trial Con1 Con2 V1 V2 F01 F02 Ans1V Ans2V Ans3V Ans1C Ans2C Ans3C OneType BothOK RT
1 1 1 1 1 2 2 1 1 -1 1 0 0 1 1 12.6383
2 1 1 3 3 2 2 3 -1 -1 1 0 0 1 1 3.9236
3 1 1 1 3 1 2 3 1 -1 1 0 0 0 1 8.2624
4 1 1 3 1 1 2 3 1 -1 1 0 0 0 1 11.4312
5 2 2 2 2 2 1 2 2 -1 1 0 0 1 1 4.4668
6 1 8 3 1 1 2 1 3 -1 1 0 0 0 1 5.8157
7 1 8 3 1 1 1 1 3 -1 1 0 0 0 1 5.7872
8 3 7 1 1 1 1 1 -1 -1 1 0 0 1 1 1.1752
9 3 7 1 1 2 1 1 1 -1 1 0 0 1 1 5.3343
10 3 5 3 1 2 2 1 3 -1 1 1 0 0 1 4.3562
11 2 5 3 3 2 2 3 -1 -1 1 0 0 1 1 5.4683
12 1 8 3 1 1 2 1 3 -1 1 0 0 0 1 5.6085
13 1 8 1 3 2 2 1 3 -1 1 0 0 0 1 4.7835
14 1 1 2 2 1 2 2 2 -1 1 0 0 1 1 9.9704
15 2 2 3 3 2 1 3 -1 -1 1 0 0 1 1 4.7116
16 1 6 1 1 2 1 1 1 -1 1 0 0 1 1 13.0124
17 3 5 2 2 1 1 2 -1 -1 1 0 0 1 1 1.2956
18 2 5 3 1 2 2 1 3 -1 1 1 0 0 1 4.4182
19 2 2 3 1 1 1 1 3 -1 1 1 0 0 1 4.6621
20 2 9 3 1 1 1 3 1 -1 1 1 0 0 1 4.3621
21 1 8 1 3 2 2 1 3 -1 1 0 0 0 1 4.8269
22 1 8 3 1 1 1 1 3 -1 1 0 0 0 1 8.1217
23 2 2 2 2 1 1 2 -1 -1 1 0 0 1 1 5.7970
24 1 1 1 3 2 1 1 3 -1 1 1 0 0 1 4.1938
25 3 5 3 1 1 1 1 3 -1 1 1 0 0 1 10.2705
26 2 5 1 3 1 2 1 3 -1 1 0 0 0 1 4.4493
27 1 6 3 1 2 2 1 3 -1 1 0 0 0 1 4.1461
28 2 2 1 3 1 1 1 3 -1 1 1 0 0 1 5.0519
29 1 6 3 1 1 1 1 3 -1 1 0 0 0 1 6.0350
30 1 8 2 2 2 2 2 2 -1 1 0 0 1 1 6.1276
31 1 1 3 1 1 1 3 1 -1 1 1 0 0 1 8.8346
32 3 5 1 3 1 2 1 3 -1 1 1 0 0 1 7.0331
33 1 8 1 3 1 1 1 3 -1 1 1 0 0 1 5.3076
34 3 7 1 3 2 1 1 2 -1 1 1 0 0 0 5.5418
35 3 7 3 3 1 2 2 3 -1 1 1 0 0 0 7.3176
36 2 2 1 3 2 1 1 3 -1 1 1 0 0 1 6.6007
37 3 5 2 2 2 2 2 -1 -1 1 0 0 1 1 5.2387
38 3 6 1 3 1 1 1 3 -1 1 0 0 0 1 3.7429
39 2 5 3 1 2 1 1 3 -1 1 1 0 0 1 7.3939
40 3 5 1 3 1 1 1 2 -1 1 0 0 0 0 20.0222
41 2 2 3 1 2 2 1 3 -1 1 1 0 0 1 4.5333
42 1 1 3 3 1 1 3 -1 -1 1 0 0 1 1 0.7820
43 3 7 1 3 1 1 1 2 -1 1 1 0 0 0 14.2225
44 2 9 1 3 2 1 1 3 -1 1 0 0 0 1 4.9609
45 3 5 1 3 2 2 1 3 -1 1 0 0 0 1 4.6811
46 1 1 3 1 2 1 1 3 -1 1 1 0 0 1 4.1919
47 3 5 3 3 2 1 1 2 3 1 1 0 0 0 12.5419
48 2 9 3 1 2 2 3 1 -1 1 1 0 0 1 5.4599
49 1 6 1 3 2 2 1 3 -1 1 0 0 0 1 9.5797
50 1 8 1 3 1 1 1 3 -1 1 0 0 0 1 5.3537
51 2 9 3 3 1 2 3 3 -1 1 0 0 1 1 5.2548
52 3 7 3 3 2 2 3 3 -1 1 0 0 1 1 7.9112
53 1 1 1 3 1 1 3 1 -1 1 1 0 0 1 4.5856
54 1 8 1 3 2 1 1 3 -1 1 1 0 0 1 5.0500
55 1 8 2 2 1 2 2 2 -1 1 0 0 1 1 10.0713
56 2 9 1 3 1 2 1 3 -1 1 1 0 0 1 3.8031
57 1 8 1 3 1 2 1 3 -1 1 0 0 0 1 8.7555
58 1 8 3 3 2 2 3 -1 -1 1 0 0 1 1 3.8230
59 1 6 1 3 1 2 1 3 -1 1 1 0 0 1 4.3843
60 3 7 3 1 2 2 1 3 -1 1 1 0 0 1 5.3871
61 2 5 1 3 2 2 1 3 -1 1 1 0 0 1 4.7661
62 2 2 1 3 1 2 1 3 -1 1 1 0 0 1 5.2928
63 2 9 3 3 2 1 3 3 -1 1 0 0 1 1 4.1234
64 3 7 3 3 2 2 3 3 -1 1 0 0 1 1 5.6842
65 2 9 3 1 2 1 1 3 -1 1 1 0 0 1 4.4716
66 3 7 1 3 2 2 1 3 -1 1 0 0 0 1 11.4898
67 3 1 1 3 1 1 3 1 -1 1 1 0 0 1 9.8107
68 3 7 1 1 2 2 1 1 -1 1 0 0 1 1 3.9908
69 3 1 3 1 1 1 1 3 -1 1 1 0 0 1 5.7539
70 3 6 3 1 1 1 1 3 -1 1 1 0 0 1 10.0140
71 2 2 3 1 1 2 3 1 -1 1 1 0 0 1 4.5301
72 2 5 1 3 1 1 3 1 -1 1 1 0 0 1 4.5951
73 3 5 1 1 1 1 1 -1 -1 1 0 0 1 1 0.7522
74 1 8 3 1 2 1 1 3 -1 1 0 0 0 1 5.4872
75 3 5 1 3 2 1 3 1 2 1 1 1 0 0 12.9661
76 2 9 3 1 1 2 1 3 -1 1 1 0 0 1 5.3428
77 3 7 1 3 1 2 2 1 -1 1 1 0 0 0 5.4026
78 1 6 3 1 2 1 1 3 -1 1 1 0 0 1 4.4006
79 3 7 3 1 2 2 1 3 -1 1 1 0 0 1 7.9665
80 3 7 3 1 2 1 1 3 -1 1 1 0 0 1 5.0310
81 2 2 1 3 2 2 1 3 -1 1 1 0 0 1 5.7563
82 1 6 1 3 2 1 1 3 -1 1 1 0 0 1 5.8653
83 2 9 1 3 1 1 3 1 -1 1 1 0 0 1 12.5100
84 3 7 1 3 2 1 1 3 -1 1 1 0 0 1 4.1011
85 2 2 1 1 2 1 1 1 -1 1 0 0 1 1 3.3752
86 2 2 3 3 1 2 3 3 -1 1 0 0 1 1 4.6708
87 1 8 1 3 1 2 1 3 -1 1 1 0 0 1 6.1687
88 3 5 3 1 2 1 1 3 -1 1 0 0 0 1 4.1753
89 2 2 3 3 1 1 3 -1 -1 1 0 0 1 1 4.4786
90 2 5 3 3 1 2 3 3 -1 1 0 0 1 1 6.1959
91 1 1 1 1 1 2 1 1 -1 1 0 0 1 1 3.7429
92 2 5 3 3 1 1 3 -1 -1 1 0 0 1 1 6.0744
93 1 6 2 2 1 1 2 -1 -1 1 0 0 1 1 3.7750
94 3 5 2 2 1 2 2 2 -1 1 0 0 1 1 4.4372
95 3 5 3 1 1 2 1 2 -1 1 1 0 0 0 7.3304
96 1 8 3 3 1 2 3 3 -1 1 0 0 1 1 8.2547
97 3 7 3 1 1 1 1 2 -1 1 1 0 0 0 9.4538
98 1 6 3 1 1 2 3 1 -1 1 1 0 0 1 4.0086
99 3 7 3 1 1 2 1 2 -1 1 1 0 0 0 9.5095
