Ear: L
Audiogram left  : NA
Audiogram right : NA
# Keys:
# Consonant_ID  : d=1 g=2 l=3 f=4 th=5 jh=6 p=7 sh=8 t=9 
# Vowel_ID      : IH=1 EH=2 AE=3 
# F0_ID         : high_f0=1 low_f0=2 # Columns       : Trial Consonant_1_ID Consonant_2_ID Vowel_ID F0_ID Heard_Consonant Answer_vowel Correct Time_elapsed
1 1 1 1 2 1 1 1 1.0076
2 1 1 3 2 1 3 1 1.3871
3 1 8 2 1 1 2 1 0.8145
4 1 6 1 2 1 1 1 0.2184
5 1 1 2 2 1 2 1 0.6060
6 1 8 3 1 1 3 1 0.7321
7 3 5 2 1 1 2 1 0.3421
8 2 5 2 2 1 2 1 2.6233
9 3 5 1 1 1 1 1 0.2140
10 3 6 1 2 1 1 1 0.1812
11 3 7 2 1 1 2 1 0.6657
12 2 9 2 1 1 2 1 0.5899
13 3 7 1 2 1 1 1 0.3609
14 3 5 1 2 1 1 1 0.1672
15 2 9 2 2 1 2 1 0.2162
16 2 2 1 1 1 1 1 0.3610
17 2 9 1 1 1 1 1 0.1921
18 3 7 2 1 1 2 1 0.7934
19 3 1 1 2 1 1 1 0.6080
20 1 1 3 1 1 3 1 0.5868
21 3 1 3 2 1 3 1 0.2369
22 1 8 1 1 1 1 1 0.3522
23 3 5 2 2 1 2 1 0.2191
24 3 1 2 2 1 2 1 0.3011
25 2 2 2 2 1 2 1 1.0636
26 2 2 3 1 1 3 1 0.3550
27 3 7 1 1 1 1 1 0.3855
28 1 1 1 1 1 1 1 0.1385
29 3 7 1 1 1 1 1 0.0103
30 3 5 3 1 1 3 1 0.6468
31 3 6 3 2 1 3 1 0.5414
32 2 5 1 1 1 1 1 0.2128
33 1 8 2 1 1 2 1 0.6672
34 1 8 1 2 1 1 1 0.1371
35 1 8 1 1 1 1 1 0.1576
36 3 7 1 1 1 1 1 0.1163
37 3 6 2 2 1 2 1 0.5652
38 3 5 3 2 1 3 1 0.6277
39 2 9 3 1 1 3 1 0.2903
40 1 8 3 1 1 3 1 0.3640
41 1 6 1 1 1 1 1 0.2452
42 1 8 3 2 1 3 1 0.6684
43 1 8 2 2 1 2 1 0.1485
44 1 6 2 1 1 2 1 0.2555
45 1 6 3 1 1 3 1 0.2892
46 3 7 3 1 1 3 1 0.6611
47 1 8 2 2 1 2 1 0.8353
48 3 7 3 2 1 3 1 0.6801
49 1 6 3 2 1 3 1 0.3937
50 2 5 3 1 1 3 1 0.5281
51 3 7 2 2 1 2 1 0.8193
52 3 7 3 1 1 3 1 1.1083
53 2 9 3 2 1 3 1 0.5964
54 2 2 3 2 1 3 1 0.3422
55 2 9 1 2 1 1 1 0.6141
56 2 5 1 2 1 1 1 0.5143
57 3 7 2 1 1 2 1 0.5441
58 2 2 1 2 1 1 1 0.4634
59 1 8 1 2 1 1 1 0.3082
60 1 1 2 1 1 2 1 0.5971
61 1 8 3 2 1 3 1 0.9661
62 2 2 2 1 1 2 1 0.4396
63 2 5 3 2 1 3 1 0.5719
64 2 5 2 1 1 2 1 0.5432
65 3 7 3 1 1 3 1 0.6782
66 1 6 2 2 1 2 1 0.7107
