Ear: R
Audiogram left  : NA
Audiogram right : NA
# Keys:
# Consonant_ID  : d=1 g=2 l=3 f=4 th=5 jh=6 p=7 sh=8 t=9 
# Vowel_ID      : IH=1 EH=2 AE=3 
# F0_ID         : high_f0=1 low_f0=2 # Columns       : Trial Consonant_1_ID Consonant_2_ID Vowel_ID F0_ID Heard_Consonant Answer_vowel Correct Time_elapsed
1 2 5 3 1 1 3 1 0.8835
2 3 7 1 1 1 1 1 0.2792
3 2 5 1 2 1 1 1 0.5067
4 1 8 1 1 1 1 1 0.4071
5 3 5 2 1 1 2 1 0.6146
6 1 1 3 2 1 3 1 0.5953
7 1 1 2 2 1 2 1 0.5888
8 1 8 1 2 1 1 1 0.6601
9 3 6 2 2 1 2 1 0.5387
10 2 9 1 2 1 1 1 0.1512
11 1 6 2 2 1 2 1 2.6518
12 1 8 2 1 1 2 1 1.3048
13 3 7 2 1 1 2 1 0.5223
14 1 6 3 2 1 3 1 0.4143
15 1 6 2 1 1 2 1 0.6789
16 3 7 1 1 1 1 1 0.5601
17 3 6 3 2 1 3 1 0.6221
18 2 9 3 1 1 3 1 0.8777
19 2 9 2 1 1 2 1 0.8839
20 1 8 3 1 1 2 0 0.7886
21 3 5 1 1 1 1 1 0.6166
22 3 5 2 2 1 2 1 0.6228
23 1 8 3 2 1 2 0 0.6594
24 3 5 1 2 1 1 1 0.3201
25 2 5 2 2 1 2 1 0.5181
26 1 1 1 1 1 1 1 0.5753
27 1 8 3 2 1 3 1 0.9649
28 3 5 3 2 1 3 1 1.9986
29 2 9 2 2 1 2 1 0.9537
30 3 7 2 1 1 2 1 0.2431
31 1 8 1 1 1 1 1 0.2872
32 3 7 2 2 1 2 1 0.6592
33 2 5 1 1 1 1 1 0.1822
34 1 1 1 2 1 1 1 0.2854
35 1 8 2 2 1 2 1 2.2287
36 2 2 1 1 1 1 1 0.3911
37 2 2 1 2 1 1 1 0.4787
38 1 8 2 2 1 2 1 1.0164
39 2 2 3 2 1 3 1 0.7846
40 2 9 3 2 1 3 1 0.5704
41 3 1 3 2 1 3 1 0.5805
42 2 9 1 1 1 1 1 0.2423
43 3 7 1 2 1 1 1 0.6778
44 1 8 1 2 1 1 1 1.1731
45 2 5 2 1 1 2 1 0.6783
46 2 2 2 2 1 2 1 0.3485
47 3 7 3 1 1 3 1 0.8213
48 1 8 2 1 1 2 1 0.8551
49 3 1 2 2 1 2 1 0.5947
50 3 7 1 1 1 1 1 0.6819
51 1 8 3 1 1 3 1 1.2789
52 2 5 3 2 1 3 1 0.7781
53 1 6 3 1 1 3 1 0.7100
54 1 1 2 1 1 2 1 0.6030
55 3 7 3 1 1 3 1 0.5936
56 3 7 3 2 1 3 1 1.3882
57 2 2 2 1 1 2 1 0.4714
58 3 1 1 2 1 1 1 0.5964
59 1 1 3 1 1 3 1 1.8992
60 2 2 3 1 1 3 1 0.5127
61 3 7 3 1 1 3 1 0.6599
62 1 6 1 2 1 1 1 0.6902
63 3 6 1 2 1 1 1 0.5698
64 1 6 1 1 1 1 1 0.6890
65 3 5 3 1 1 3 1 0.6758
66 3 7 2 1 1 2 1 0.9059
