Ear: B
Audiogram left  : NA
Audiogram right : NA
# Keys:
# Consonant_ID  : d=1 g=2 l=3 f=4 th=5 jh=6 p=7 sh=8 t=9 
# Vowel_ID      : IH=1 EH=2 AE=3 
# F0_ID         : high_f0=1 low_f0=2 
# Columns       : Trial Con1 Con2 V1 V2 F01 F02 Ans1V Ans2V Ans3V Ans1C Ans2C Ans3C OneType BothOK RT
1 1 1 1 1 2 2 1 -1 -1 1 0 0 1 1 15.9657
2 1 1 3 3 2 2 3 -1 -1 1 0 0 1 1 22.4548
3 1 1 1 3 1 2 1 3 -1 1 1 0 0 1 3.5230
4 1 1 3 1 1 2 1 3 -1 1 1 0 0 1 7.7376
5 2 2 2 2 2 1 2 2 -1 1 0 0 1 1 4.9978
6 1 8 3 1 1 2 1 3 -1 1 0 0 0 1 6.3866
7 1 8 3 1 1 1 1 3 -1 1 0 0 0 1 3.9790
8 3 7 1 1 1 1 1 -1 -1 1 0 0 1 1 2.3395
9 3 7 1 1 2 1 1 1 -1 1 0 0 1 1 6.4770
10 3 5 3 1 2 2 1 3 -1 1 0 0 0 1 4.4089
11 2 5 3 3 2 2 3 -1 -1 1 0 0 1 1 3.1792
12 1 8 3 1 1 2 1 3 -1 1 0 0 0 1 5.7469
13 1 8 1 3 2 2 1 3 -1 1 0 0 0 1 5.5505
14 1 1 2 2 1 2 2 2 -1 1 0 0 1 1 6.3365
15 2 2 3 3 2 1 3 -1 -1 1 0 0 1 1 8.9389
16 1 6 1 1 2 1 1 1 -1 1 0 0 1 1 4.0014
17 3 5 2 2 1 1 2 -1 -1 1 0 0 1 1 2.3505
18 2 5 3 1 2 2 1 3 -1 1 1 0 0 1 4.6731
19 2 2 3 1 1 1 1 3 -1 1 1 0 0 1 4.9903
20 2 9 3 1 1 1 1 3 -1 1 0 0 0 1 11.0457
21 1 8 1 3 2 2 1 3 -1 1 0 0 0 1 5.0855
22 1 8 3 1 1 1 1 3 3 1 1 0 0 1 10.5298
23 2 2 2 2 1 1 2 -1 -1 1 0 0 1 1 0.8809
24 1 1 1 3 2 1 1 3 -1 1 1 0 0 1 3.7392
25 3 5 3 1 1 1 1 3 -1 1 0 0 0 1 7.6310
26 2 5 1 3 1 2 1 3 -1 1 0 0 0 1 5.7367
27 1 6 3 1 2 2 1 3 -1 1 0 0 0 1 6.5484
28 2 2 1 3 1 1 1 3 -1 1 1 0 0 1 9.1635
29 1 6 3 1 1 1 1 3 -1 1 0 0 0 1 5.1798
30 1 8 2 2 2 2 2 -1 -1 1 0 0 1 1 4.0115
31 1 1 3 1 1 1 1 3 -1 1 1 0 0 1 9.7297
32 3 5 1 3 1 2 3 1 -1 1 1 0 0 1 6.8694
33 1 8 1 3 1 1 1 3 3 1 0 1 0 1 10.5022
34 3 7 1 3 2 1 1 2 -1 1 0 0 0 0 9.3731
35 3 7 3 3 1 2 2 2 -1 1 0 0 1 0 12.1982
36 2 2 1 3 2 1 1 3 -1 1 1 0 0 1 4.1668
37 3 5 2 2 2 2 2 -1 -1 1 0 0 1 1 1.4570
38 3 6 1 3 1 1 1 3 -1 1 0 0 0 1 4.0400
39 2 5 3 1 2 1 1 3 -1 1 0 0 0 1 9.7052
40 3 5 1 3 1 1 1 2 -1 1 1 0 0 0 7.1013
41 2 2 3 1 2 2 3 1 -1 1 0 0 0 1 4.2657
42 1 1 3 3 1 1 3 -1 -1 1 0 0 1 1 0.8187
43 3 7 1 3 1 1 1 2 -1 1 1 0 0 0 4.5048
44 2 9 1 3 2 1 1 3 3 1 1 0 0 1 9.7023
45 3 5 1 3 2 2 1 3 -1 1 0 0 0 1 3.6942
46 1 1 3 1 2 1 1 3 -1 1 0 0 0 1 5.6309
47 3 5 3 3 2 1 2 3 -1 1 0 0 0 0 9.0135
48 2 9 3 1 2 2 1 3 -1 1 0 0 0 1 6.9467
49 1 6 1 3 2 2 1 3 -1 1 0 0 0 1 8.7360
50 1 8 1 3 1 1 3 1 -1 0 1 0 0 1 5.6966
51 2 9 3 3 1 2 3 3 -1 1 0 0 1 1 4.9464
52 3 7 3 3 2 2 3 -1 -1 1 0 0 1 1 4.0357
53 1 1 1 3 1 1 3 1 -1 1 1 0 0 1 4.2603
54 1 8 1 3 2 1 1 3 -1 1 0 0 0 1 7.3353
55 1 8 2 2 1 2 2 2 -1 1 0 0 1 1 5.2052
56 2 9 1 3 1 2 1 3 3 1 0 1 0 1 8.9015
57 1 8 1 3 1 2 1 3 -1 1 1 0 0 1 10.8128
58 1 8 3 3 2 2 3 -1 -1 1 0 0 1 1 4.7121
59 1 6 1 3 1 2 3 1 -1 1 1 0 0 1 4.2893
60 3 7 3 1 2 2 3 1 -1 1 1 0 0 1 4.8219
61 2 5 1 3 2 2 1 3 -1 1 1 0 0 1 6.6486
62 2 2 1 3 1 2 3 1 -1 1 1 0 0 1 4.0236
63 2 9 3 3 2 1 3 3 -1 1 0 0 1 1 4.5380
64 3 7 3 3 2 2 3 -1 -1 1 0 0 1 1 3.8583
65 2 9 3 1 2 1 3 1 -1 1 1 0 0 1 7.8160
66 3 7 1 3 2 2 1 2 2 1 1 0 0 0 8.9538
67 3 1 1 3 1 1 1 2 3 1 0 1 0 0 10.0564
68 3 7 1 1 2 2 1 -1 -1 1 0 0 1 1 4.4312
69 3 1 3 1 1 1 1 3 -1 1 1 0 0 1 4.4254
70 3 6 3 1 1 1 3 1 -1 1 1 0 0 1 4.0560
71 2 2 3 1 1 2 1 3 -1 1 1 0 0 1 4.7749
72 2 5 1 3 1 1 1 3 3 1 1 0 0 1 12.0719
73 3 5 1 1 1 1 1 -1 -1 1 0 0 1 1 1.2220
74 1 8 3 1 2 1 1 3 -1 1 0 0 0 1 8.8339
75 3 5 1 3 2 1 1 2 -1 1 0 0 0 0 8.1743
76 2 9 3 1 1 2 3 1 -1 1 1 0 0 1 6.2650
77 3 7 1 3 1 2 2 1 -1 1 1 0 0 0 4.9826
78 1 6 3 1 2 1 1 3 -1 1 1 0 0 1 5.1607
79 3 7 3 1 2 2 1 3 -1 1 0 0 0 1 9.0469
80 3 7 3 1 2 1 1 3 -1 1 1 0 0 1 6.7259
81 2 2 1 3 2 2 3 1 -1 1 1 0 0 1 4.0335
82 1 6 1 3 2 1 3 1 -1 1 1 0 0 1 5.0614
83 2 9 1 3 1 1 3 1 -1 1 1 0 0 1 4.4298
84 3 7 1 3 2 1 3 1 -1 1 1 0 0 1 4.9240
85 2 2 1 1 2 1 1 1 -1 1 0 0 1 1 4.2608
86 2 2 3 3 1 2 3 3 -1 1 0 0 1 1 3.3757
87 1 8 1 3 1 2 1 3 -1 1 0 0 0 1 9.9551
88 3 5 3 1 2 1 1 3 -1 1 0 0 0 1 9.3308
89 2 2 3 3 1 1 3 -1 -1 1 0 0 1 1 4.0680
90 2 5 3 3 1 2 3 3 -1 1 0 0 1 1 4.4210
91 1 1 1 1 1 2 1 1 -1 1 0 0 1 1 3.9052
92 2 5 3 3 1 1 3 -1 -1 1 0 0 1 1 0.8526
93 1 6 2 2 1 1 2 -1 -1 1 0 0 1 1 0.9334
94 3 5 2 2 1 2 2 2 -1 1 0 0 1 1 1.0193
95 3 5 3 1 1 2 1 2 -1 1 0 0 0 0 5.5024
96 1 8 3 3 1 2 3 3 -1 1 0 0 1 1 8.6944
97 3 7 3 1 1 1 1 2 -1 1 1 0 0 0 9.2142
98 1 6 3 1 1 2 1 3 -1 1 1 0 0 1 3.9767
99 3 7 3 1 1 2 1 2 -1 1 1 0 0 0 5.6026
