Ear: L
Audiogram left  : NA
Audiogram right : NA
# Keys:
# Consonant_ID  : d=1 g=2 l=3 f=4 th=5 jh=6 p=7 sh=8 t=9 
# Vowel_ID      : IH=1 EH=2 AE=3 
# F0_ID         : high_f0=1 low_f0=2 # Columns       : Trial Consonant_1_ID Consonant_2_ID Vowel_ID F0_ID Heard_Consonant Answer_vowel Correct Time_elapsed
1 3 7 2 1 1 1 0 2.3232
2 3 1 2 2 1 2 1 0.7531
3 3 6 2 2 1 2 1 0.5237
4 3 5 1 1 1 1 1 0.6276
5 3 1 1 2 1 1 1 0.5904
6 2 5 3 1 1 3 1 0.7238
7 1 8 3 1 1 3 1 1.0452
8 2 2 3 2 1 3 1 0.5766
9 3 7 3 1 1 3 1 0.9879
10 1 1 2 1 1 2 1 0.5813
11 3 7 3 1 1 3 1 0.6446
12 2 5 1 1 1 1 1 0.5112
13 2 9 2 2 1 2 1 0.2041
14 1 6 3 2 1 3 1 0.7459
15 1 8 1 1 1 1 1 0.5252
16 1 6 2 1 1 2 1 0.6768
17 2 9 1 1 1 1 1 0.8669
18 1 1 3 1 1 3 1 0.7595
19 1 8 2 2 1 2 1 1.2172
20 3 5 2 1 1 2 1 0.5935
21 1 1 2 2 1 2 1 0.6174
22 2 9 3 1 1 3 1 2.4407
23 3 7 1 2 1 1 1 0.6459
24 1 1 1 2 1 1 1 1.3605
25 3 5 3 2 1 3 1 0.8043
26 3 7 3 1 1 3 1 3.1276
27 1 1 3 2 1 3 1 0.7559
28 3 7 1 1 1 1 1 0.8172
29 1 8 1 1 1 1 1 0.4146
30 1 8 2 2 1 2 1 0.6669
31 3 5 3 1 1 3 1 0.6620
32 1 8 3 2 1 3 1 0.9834
33 2 9 1 2 1 1 1 0.9001
34 1 8 2 1 1 2 1 0.5231
35 3 7 1 1 1 1 1 0.1720
36 2 5 2 1 1 2 1 0.5075
37 2 9 3 2 1 3 1 0.6275
38 2 2 2 2 1 2 1 0.5285
39 1 6 3 1 1 3 1 0.6672
40 2 5 1 2 1 1 1 0.5137
41 1 8 3 1 1 3 1 0.9232
42 1 6 1 1 1 1 1 0.6734
43 3 6 1 2 1 1 1 0.5805
44 2 5 2 2 1 2 1 0.6967
45 3 7 2 1 1 2 1 1.4281
46 1 6 2 2 1 2 1 0.7014
47 3 7 3 2 1 3 1 3.7285
48 1 6 1 2 1 1 1 0.6853
49 2 5 3 2 1 3 1 0.9407
50 1 8 2 1 1 2 1 0.6448
51 2 2 2 1 1 2 1 0.4936
52 3 5 1 2 1 1 1 0.3401
53 1 8 3 2 1 3 1 0.9906
54 3 7 2 1 1 2 1 0.6571
55 1 8 1 2 1 1 1 0.5227
56 3 6 3 2 1 3 1 0.6155
57 3 7 2 2 1 2 1 0.6519
58 3 1 3 2 1 3 1 0.6093
59 1 1 1 1 1 1 1 0.6114
60 1 8 1 2 1 1 1 0.8068
61 2 2 1 2 1 1 1 0.4286
62 2 2 3 1 1 3 1 0.6519
63 2 9 2 1 1 2 1 1.5809
64 2 2 1 1 1 1 1 0.3708
65 3 7 1 1 1 1 1 0.6016
66 3 5 2 2 1 2 1 0.6127
