Ear: B
Audiogram left  : NA
Audiogram right : NA
# Keys:
# Consonant_ID  : d=1 g=2 l=3 f=4 th=5 jh=6 p=7 sh=8 t=9 
# Vowel_ID      : IH=1 EH=2 AE=3 
# F0_ID         : high_f0=1 low_f0=2 
# Columns       : Trial Con1 Con2 V1 V2 F01 F02 Ans1V Ans2V Ans3V Ans1C Ans2C Ans3C OneType BothOK RT
1 1 1 1 1 2 2 1 -1 -1 1 0 0 1 1 10.4628
2 1 1 3 3 2 2 3 -1 -1 1 0 0 1 1 3.0204
3 1 1 1 3 1 2 3 1 -1 1 1 0 0 1 3.5871
4 1 1 3 1 1 2 3 1 1 1 0 1 0 1 8.9998
5 2 2 2 2 2 1 2 2 -1 1 0 0 1 1 3.8419
6 1 8 3 1 1 2 1 3 -1 1 0 0 0 1 5.4317
7 1 8 3 1 1 1 1 3 -1 1 0 0 0 1 4.0670
8 3 7 1 1 1 1 1 -1 -1 1 0 0 1 1 0.7371
9 3 7 1 1 2 1 1 1 -1 0 1 0 1 1 3.6970
10 3 5 3 1 2 2 1 3 3 1 0 1 0 1 8.4136
11 2 5 3 3 2 2 3 -1 -1 1 0 0 1 1 5.9580
12 1 8 3 1 1 2 1 3 -1 1 0 0 0 1 3.7896
13 1 8 1 3 2 2 1 3 -1 1 1 0 0 1 7.8620
14 1 1 2 2 1 2 2 2 -1 1 0 0 1 1 4.8938
15 2 2 3 3 2 1 3 -1 -1 1 0 0 1 1 3.5455
16 1 6 1 1 2 1 1 1 -1 1 0 0 1 1 5.3358
17 3 5 2 2 1 1 2 -1 -1 1 0 0 1 1 2.0158
18 2 5 3 1 2 2 1 3 -1 1 0 0 0 1 7.0801
19 2 2 3 1 1 1 3 1 -1 1 1 0 0 1 9.1154
20 2 9 3 1 1 1 1 3 -1 1 0 0 0 1 12.2689
21 1 8 1 3 2 2 1 3 -1 1 1 0 0 1 10.0609
22 1 8 3 1 1 1 1 3 3 1 1 0 0 1 10.4029
23 2 2 2 2 1 1 2 -1 -1 1 0 0 1 1 2.6522
24 1 1 1 3 2 1 3 1 -1 1 0 0 0 1 8.3572
25 3 5 3 1 1 1 1 2 2 1 0 1 0 0 7.1110
26 2 5 1 3 1 2 1 3 -1 1 0 0 0 1 8.7293
27 1 6 3 1 2 2 1 3 -1 1 0 0 0 1 8.8294
28 2 2 1 3 1 1 3 1 -1 1 1 0 0 1 7.7913
29 1 6 3 1 1 1 1 3 -1 1 0 0 0 1 9.1073
30 1 8 2 2 2 2 2 -1 -1 1 0 0 1 1 5.6207
31 1 1 3 1 1 1 1 3 -1 1 1 0 0 1 9.0405
32 3 5 1 3 1 2 1 3 -1 1 0 0 0 1 8.4759
33 1 8 1 3 1 1 1 3 -1 1 0 0 0 1 4.4930
34 3 7 1 3 2 1 1 2 -1 1 1 0 0 0 3.5951
35 3 7 3 3 1 2 2 2 -1 1 0 0 1 0 8.1932
36 2 2 1 3 2 1 1 3 -1 1 1 0 0 1 5.6107
37 3 5 2 2 2 2 2 -1 -1 1 0 0 1 1 4.3632
38 3 6 1 3 1 1 1 3 -1 1 0 0 0 1 8.3685
39 2 5 3 1 2 1 1 3 -1 1 0 0 0 1 7.5872
40 3 5 1 3 1 1 1 2 2 1 0 1 0 0 12.2029
41 2 2 3 1 2 2 3 1 -1 1 1 0 0 1 4.5536
42 1 1 3 3 1 1 3 -1 -1 1 0 0 1 1 0.8961
43 3 7 1 3 1 1 2 1 1 1 1 0 0 0 11.7992
44 2 9 1 3 2 1 3 1 -1 1 1 0 0 1 13.9179
45 3 5 1 3 2 2 1 3 -1 1 0 0 0 1 5.0660
46 1 1 3 1 2 1 1 3 -1 1 0 0 0 1 8.9156
47 3 5 3 3 2 1 2 3 -1 1 1 0 0 0 7.9276
48 2 9 3 1 2 2 1 3 -1 1 1 0 0 1 10.4042
49 1 6 1 3 2 2 1 3 -1 1 0 0 0 1 9.4027
50 1 8 1 3 1 1 1 3 -1 1 1 0 0 1 10.0910
51 2 9 3 3 1 2 3 3 -1 1 0 0 1 1 4.9730
52 3 7 3 3 2 2 3 3 -1 1 0 0 1 1 4.9602
53 1 1 1 3 1 1 3 1 -1 1 1 0 0 1 3.6492
54 1 8 1 3 2 1 1 3 -1 1 0 0 0 1 8.2339
55 1 8 2 2 1 2 2 2 -1 1 0 0 1 1 6.4702
56 2 9 1 3 1 2 1 3 -1 1 0 0 0 1 5.4112
57 1 8 1 3 1 2 1 2 -1 1 0 0 0 0 10.0217
58 1 8 3 3 2 2 2 -1 -1 1 0 0 1 0 5.2825
59 1 6 1 3 1 2 1 3 -1 1 1 0 0 1 5.1000
60 3 7 3 1 2 2 1 2 -1 1 1 0 0 0 7.6146
61 2 5 1 3 2 2 1 3 -1 1 0 0 0 1 7.8475
62 2 2 1 3 1 2 3 1 -1 1 1 0 0 1 3.8361
63 2 9 3 3 2 1 3 3 -1 1 0 0 1 1 4.3962
64 3 7 3 3 2 2 3 -1 -1 1 0 0 1 1 5.7853
65 2 9 3 1 2 1 1 3 -1 1 0 0 0 1 9.3651
66 3 7 1 3 2 2 1 2 -1 1 1 0 0 0 3.5002
67 3 1 1 3 1 1 1 3 -1 1 1 0 0 1 10.4177
68 3 7 1 1 2 2 1 -1 -1 1 0 0 1 1 4.8560
69 3 1 3 1 1 1 1 3 -1 1 1 0 0 1 5.5234
70 3 6 3 1 1 1 1 3 -1 1 0 0 0 1 10.4802
71 2 2 3 1 1 2 3 1 -1 1 1 0 0 1 8.5587
72 2 5 1 3 1 1 1 3 -1 1 1 0 0 1 8.5008
73 3 5 1 1 1 1 1 -1 -1 1 0 0 1 1 0.9434
74 1 8 3 1 2 1 1 3 -1 1 0 0 0 1 5.0355
75 3 5 1 3 2 1 1 2 -1 1 0 0 0 0 4.1106
76 2 9 3 1 1 2 1 3 -1 1 0 0 0 1 9.4720
77 3 7 1 3 1 2 1 2 -1 1 1 0 0 0 8.2991
78 1 6 3 1 2 1 3 1 -1 1 1 0 0 1 9.5306
79 3 7 3 1 2 2 1 3 -1 1 0 0 0 1 8.2887
80 3 7 3 1 2 1 1 2 -1 1 1 0 0 0 10.0248
81 2 2 1 3 2 2 3 1 -1 1 1 0 0 1 8.5306
82 1 6 1 3 2 1 1 3 -1 1 1 0 0 1 5.4792
83 2 9 1 3 1 1 1 3 -1 1 0 0 0 1 8.2206
84 3 7 1 3 2 1 1 2 -1 1 1 0 0 0 7.1627
85 2 2 1 1 2 1 1 1 -1 1 0 0 1 1 4.6305
86 2 2 3 3 1 2 3 3 -1 1 0 0 1 1 3.6655
87 1 8 1 3 1 2 2 1 -1 0 1 0 0 0 9.0003
88 3 5 3 1 2 1 1 2 -1 1 0 0 0 0 8.6319
89 2 2 3 3 1 1 3 -1 -1 1 0 0 1 1 3.1570
90 2 5 3 3 1 2 2 3 -1 1 0 0 0 0 7.7642
91 1 1 1 1 1 2 1 1 -1 1 0 0 1 1 7.1685
92 2 5 3 3 1 1 2 -1 -1 1 0 0 1 0 0.8871
93 1 6 2 2 1 1 2 -1 -1 1 0 0 1 1 1.7839
94 3 5 2 2 1 2 2 2 -1 1 0 0 1 1 4.8393
95 3 5 3 1 1 2 1 2 -1 1 0 0 0 0 4.0449
96 1 8 3 3 1 2 2 2 -1 1 0 0 1 0 4.0637
97 3 7 3 1 1 1 1 2 -1 1 1 0 0 0 4.2993
98 1 6 3 1 1 2 1 3 -1 1 1 0 0 1 9.7626
99 3 7 3 1 1 2 1 2 -1 1 1 0 0 0 9.3695
