Ear: B
Audiogram left  : NA
Audiogram right : NA
# Keys:
# Consonant_ID  : d=1 g=2 l=3 f=4 th=5 jh=6 p=7 sh=8 t=9 
# Vowel_ID      : IH=1 EH=2 AE=3 
# F0_ID         : high_f0=1 low_f0=2 
# Columns       : Trial Con1 Con2 V1 V2 F01 F02 Ans1V Ans2V Ans3V Ans1C Ans2C Ans3C OneType BothOK RT
1 1 1 1 1 2 2 1 1 -1 1 0 0 1 1 7.8483
2 1 1 3 3 2 2 3 -1 -1 1 0 0 1 1 4.1260
3 1 1 1 3 1 2 1 3 -1 1 1 0 0 1 6.0691
4 1 1 3 1 1 2 1 3 1 1 1 0 0 1 9.9838
5 2 2 2 2 2 1 2 2 -1 1 0 0 1 1 4.1278
6 1 8 3 1 1 2 1 3 -1 1 0 0 0 1 9.3615
7 1 8 3 1 1 1 1 3 -1 1 0 0 0 1 5.8495
8 3 7 1 1 1 1 1 -1 -1 1 0 0 1 1 1.8346
9 3 7 1 1 2 1 1 1 -1 1 0 0 1 1 4.9339
10 3 5 3 1 2 2 1 3 -1 1 1 0 0 1 4.8352
11 2 5 3 3 2 2 3 3 -1 1 0 0 1 1 4.7269
12 1 8 3 1 1 2 1 3 -1 1 0 0 0 1 5.4867
13 1 8 1 3 2 2 1 3 -1 1 1 0 0 1 12.5698
14 1 1 2 2 1 2 2 2 -1 1 0 0 1 1 7.7333
15 2 2 3 3 2 1 3 3 -1 1 0 0 1 1 3.8104
16 1 6 1 1 2 1 1 1 -1 1 0 0 1 1 9.5742
17 3 5 2 2 1 1 2 -1 -1 1 0 0 1 1 1.1713
18 2 5 3 1 2 2 1 3 -1 1 1 0 0 1 4.0617
19 2 2 3 1 1 1 3 1 -1 1 1 0 0 1 4.1040
20 2 9 3 1 1 1 1 3 -1 1 0 0 0 1 4.9482
21 1 8 1 3 2 2 1 3 3 1 0 1 0 1 10.1782
22 1 8 3 1 1 1 1 3 -1 1 0 0 0 1 4.3814
23 2 2 2 2 1 1 2 -1 -1 1 0 0 1 1 4.2543
24 1 1 1 3 2 1 3 1 -1 1 1 0 0 1 4.5056
25 3 5 3 1 1 1 1 3 -1 1 0 0 0 1 9.0259
26 2 5 1 3 1 2 1 3 -1 1 1 0 0 1 3.8681
27 1 6 3 1 2 2 1 3 -1 1 1 0 0 1 4.8101
28 2 2 1 3 1 1 1 3 -1 1 1 0 0 1 11.5515
29 1 6 3 1 1 1 1 3 -1 1 0 0 0 1 11.7200
30 1 8 2 2 2 2 2 -1 -1 1 0 0 1 1 5.8941
31 1 1 3 1 1 1 1 3 -1 1 1 0 0 1 9.2625
32 3 5 1 3 1 2 1 3 -1 1 0 0 0 1 4.7584
33 1 8 1 3 1 1 1 3 -1 1 1 0 0 1 7.6322
34 3 7 1 3 2 1 1 2 3 1 0 1 0 0 12.4704
35 3 7 3 3 1 2 2 2 -1 0 1 0 1 0 8.6326
36 2 2 1 3 2 1 1 3 -1 1 1 0 0 1 6.5559
37 3 5 2 2 2 2 2 -1 -1 1 0 0 1 1 4.6592
38 3 6 1 3 1 1 1 3 -1 1 0 0 0 1 9.0753
39 2 5 3 1 2 1 3 1 1 1 0 1 0 1 13.0286
40 3 5 1 3 1 1 1 2 -1 1 1 0 0 0 5.5608
41 2 2 3 1 2 2 3 1 -1 1 1 0 0 1 4.0007
42 1 1 3 3 1 1 3 -1 -1 1 0 0 1 1 1.1501
43 3 7 1 3 1 1 2 1 2 1 1 0 0 0 6.9924
44 2 9 1 3 2 1 1 3 -1 1 0 0 0 1 9.1782
45 3 5 1 3 2 2 1 3 -1 1 0 0 0 1 4.8140
46 1 1 3 1 2 1 1 3 -1 1 0 0 0 1 7.7767
47 3 5 3 3 2 1 2 3 -1 1 0 0 0 0 10.0699
48 2 9 3 1 2 2 1 3 -1 1 0 0 0 1 11.2784
49 1 6 1 3 2 2 1 3 -1 1 0 0 0 1 10.2083
50 1 8 1 3 1 1 1 3 -1 1 0 0 0 1 4.5386
51 2 9 3 3 1 2 3 3 -1 1 0 0 1 1 3.7960
52 3 7 3 3 2 2 3 3 -1 1 0 0 1 1 3.5682
53 1 1 1 3 1 1 3 1 -1 1 1 0 0 1 3.8850
54 1 8 1 3 2 1 1 3 -1 1 1 0 0 1 4.6002
55 1 8 2 2 1 2 2 2 -1 1 0 0 1 1 3.9072
56 2 9 1 3 1 2 1 3 -1 1 1 0 0 1 8.6258
57 1 8 1 3 1 2 1 3 -1 1 1 0 0 1 8.9565
58 1 8 3 3 2 2 3 -1 -1 1 0 0 1 1 5.3271
59 1 6 1 3 1 2 3 1 -1 1 1 0 0 1 6.1780
60 3 7 3 1 2 2 1 3 -1 1 1 0 0 1 6.7781
61 2 5 1 3 2 2 1 3 -1 1 1 0 0 1 5.7810
62 2 2 1 3 1 2 1 3 -1 1 1 0 0 1 3.5872
63 2 9 3 3 2 1 3 3 -1 1 0 0 1 1 5.9864
64 3 7 3 3 2 2 3 -1 -1 1 0 0 1 1 6.5556
65 2 9 3 1 2 1 1 3 -1 1 1 0 0 1 3.6267
66 3 7 1 3 2 2 1 2 -1 1 1 0 0 0 6.6497
67 3 1 1 3 1 1 1 3 -1 1 0 0 0 1 7.7575
68 3 7 1 1 2 2 1 -1 -1 1 0 0 1 1 4.2386
69 3 1 3 1 1 1 1 3 -1 1 1 0 0 1 5.2137
70 3 6 3 1 1 1 1 3 -1 1 0 0 0 1 6.7100
71 2 2 3 1 1 2 1 3 -1 1 1 0 0 1 4.4287
72 2 5 1 3 1 1 1 3 -1 1 0 0 0 1 10.1376
73 3 5 1 1 1 1 1 -1 -1 1 0 0 1 1 1.1479
74 1 8 3 1 2 1 1 3 -1 1 0 0 0 1 9.5285
75 3 5 1 3 2 1 1 2 -1 1 1 0 0 0 11.0666
76 2 9 3 1 1 2 1 3 -1 1 0 0 0 1 11.8427
77 3 7 1 3 1 2 1 2 -1 1 1 0 0 0 15.8917
78 1 6 3 1 2 1 1 3 -1 1 1 0 0 1 5.2519
79 3 7 3 1 2 2 3 1 -1 1 1 0 0 1 4.8294
80 3 7 3 1 2 1 3 1 -1 1 1 0 0 1 6.2052
81 2 2 1 3 2 2 1 3 -1 1 1 0 0 1 3.9171
82 1 6 1 3 2 1 1 3 -1 1 1 0 0 1 5.4878
83 2 9 1 3 1 1 3 1 3 1 1 0 0 1 9.2593
84 3 7 1 3 2 1 1 3 1 1 1 0 0 1 9.0993
85 2 2 1 1 2 1 1 1 -1 1 0 0 1 1 4.2046
86 2 2 3 3 1 2 3 3 -1 1 0 0 1 1 4.4456
87 1 8 1 3 1 2 1 3 -1 1 1 0 0 1 9.0414
88 3 5 3 1 2 1 1 3 -1 1 1 0 0 1 9.4216
89 2 2 3 3 1 1 3 -1 -1 1 0 0 1 1 4.8475
90 2 5 3 3 1 2 3 3 -1 1 0 0 1 1 3.9122
91 1 1 1 1 1 2 1 1 -1 1 0 0 1 1 7.1810
92 2 5 3 3 1 1 2 -1 -1 1 0 0 1 0 4.7945
93 1 6 2 2 1 1 2 -1 -1 1 0 0 1 1 4.5613
94 3 5 2 2 1 2 2 2 -1 1 0 0 1 1 5.6653
95 3 5 3 1 1 2 1 3 -1 1 0 0 0 1 7.9586
96 1 8 3 3 1 2 3 3 -1 1 0 0 1 1 5.3321
97 3 7 3 1 1 1 1 2 -1 1 1 0 0 0 8.7631
98 1 6 3 1 1 2 1 3 -1 1 1 0 0 1 9.0783
99 3 7 3 1 1 2 2 1 -1 1 1 0 0 0 12.2923
