Ear: R
Audiogram left  : NA
Audiogram right : NA
# Keys:
# Consonant_ID  : d=1 g=2 l=3 f=4 th=5 jh=6 p=7 sh=8 t=9 
# Vowel_ID      : IH=1 EH=2 AE=3 
# F0_ID         : high_f0=1 low_f0=2 # Columns       : Trial Consonant_1_ID Consonant_2_ID Vowel_ID F0_ID Heard_Consonant Answer_vowel Correct Time_elapsed
1 1 8 3 2 1 3 1 0.0411
2 1 1 2 2 1 2 1 1.5506
3 3 7 2 1 1 2 1 1.1181
4 3 7 2 2 1 2 1 0.8851
5 1 1 2 1 1 2 1 0.8390
6 1 6 1 1 1 1 1 0.0742
7 1 1 1 1 1 1 1 0.5389
8 3 7 3 1 1 3 1 0.2433
9 2 9 2 1 1 2 1 0.8489
10 2 9 1 2 1 1 1 0.4593
11 1 6 1 2 1 1 1 1.3931
12 1 4 1 2 1 1 1 0.6082
13 2 5 2 1 1 2 1 0.6123
14 2 2 2 2 1 2 1 2.2572
15 2 5 3 2 1 3 1 0.3007
16 1 6 3 1 1 3 1 0.1650
17 3 6 3 1 1 3 1 0.1524
18 3 7 1 2 1 1 1 0.7102
19 2 2 3 1 1 3 1 2.0119
20 1 8 1 1 1 1 1 0.2658
21 2 2 2 1 1 1 0 1.0800
22 3 1 2 2 1 2 1 0.2888
23 2 9 3 2 1 3 1 0.3198
24 3 1 3 2 1 3 1 0.1229
25 2 5 3 1 1 3 1 1.6444
26 2 2 1 2 1 1 1 0.1109
27 1 4 3 1 1 3 1 1.1209
28 3 6 2 2 1 2 1 0.5697
29 3 6 3 2 1 3 1 0.9889
30 1 8 3 1 1 2 0 0.1030
31 3 5 3 1 1 2 0 0.9261
32 1 8 2 1 1 2 1 0.0314
33 1 4 2 2 1 2 1 0.1235
34 2 9 3 1 1 3 1 0.6517
35 1 1 1 2 1 1 1 0.5816
36 3 7 1 1 1 1 1 0.1278
37 3 1 1 2 1 1 1 0.1754
38 2 5 2 2 1 2 1 0.8141
39 3 1 3 1 1 3 1 0.6297
40 2 5 1 2 1 1 1 0.5599
41 1 6 2 1 1 2 1 0.1261
42 1 4 2 1 1 2 1 1.2808
43 3 6 1 2 1 1 1 0.2231
44 1 6 3 2 1 3 1 0.0821
45 3 6 2 1 1 2 1 0.1958
46 3 5 1 1 1 1 1 0.5229
47 3 1 1 1 1 1 1 0.6805
48 3 5 2 2 1 2 1 0.5049
49 1 4 1 1 1 1 1 1.1972
50 2 9 2 2 1 2 1 0.7151
51 3 7 3 2 1 3 1 0.6598
52 3 1 2 1 1 1 0 1.2031
53 1 8 2 2 1 2 1 0.2881
54 2 2 3 2 1 2 0 1.6736
55 1 6 2 2 1 2 1 0.5949
56 2 2 1 1 1 1 1 0.7453
57 1 8 1 2 1 1 1 2.4106
58 3 5 2 1 1 2 1 0.4497
59 3 5 1 2 1 1 1 0.2051
60 3 5 3 2 1 2 0 0.2830
61 1 1 3 1 1 3 1 0.4231
62 2 9 1 1 1 1 1 0.2761
63 1 4 3 2 1 3 1 0.5767
64 3 6 1 1 1 1 1 0.0310
65 2 5 1 1 1 1 1 0.0211
66 1 1 3 2 1 3 1 1.0334
