Ear: L
Audiogram left  : NA
Audiogram right : NA
# Keys:
# Consonant_ID  : d=1 g=2 l=3 f=4 th=5 jh=6 p=7 sh=8 t=9 
# Vowel_ID      : IH=1 EH=2 AE=3 
# F0_ID         : high_f0=1 low_f0=2 # Columns       : Trial Consonant_1_ID Consonant_2_ID Vowel_ID F0_ID Heard_Consonant Answer_vowel Correct Time_elapsed
1 3 1 3 2 1 3 1 0.1548
2 3 6 1 2 1 1 1 1.2680
3 3 7 1 2 1 1 1 1.1969
4 1 6 3 1 1 3 1 0.9608
5 3 5 1 1 1 1 1 0.6043
6 3 5 1 2 1 1 1 0.8275
7 1 8 1 1 1 1 1 0.6634
8 3 1 2 2 1 2 1 0.1113
9 3 1 2 1 1 2 1 0.3161
10 2 5 2 1 1 2 1 2.7601
11 1 1 3 2 1 3 1 1.4961
12 1 8 3 2 1 3 1 1.4357
13 1 1 1 2 1 1 1 0.0207
14 2 2 1 2 1 1 1 0.7533
15 1 6 1 2 1 1 1 0.7056
16 2 5 1 2 1 1 1 0.5949
17 1 4 1 1 1 1 1 0.6413
18 1 6 2 2 1 2 1 1.0432
19 1 1 1 1 1 1 1 0.5012
20 3 1 1 2 1 1 1 1.1881
21 1 6 3 2 1 3 1 0.2773
22 1 1 3 1 1 3 1 0.4454
23 2 9 2 2 1 2 1 0.7255
24 1 8 2 2 1 2 1 1.0070
25 2 2 3 2 1 2 0 1.0899
26 3 6 2 1 1 2 1 1.3372
27 2 9 3 2 1 3 1 2.2610
28 2 2 2 1 1 1 0 0.9936
29 2 5 2 2 1 2 1 0.0406
30 3 5 3 2 1 2 0 0.6246
31 2 9 1 1 1 1 1 0.6153
32 3 7 3 1 1 2 0 0.0207
33 3 7 2 1 1 1 0 0.6616
34 2 5 3 2 1 2 0 0.6436
35 1 1 2 2 1 2 1 0.6752
36 2 5 3 1 1 3 1 0.4529
37 2 5 1 1 1 1 1 0.6076
38 2 2 3 1 1 3 1 0.4914
39 1 8 2 1 1 2 1 0.5081
40 1 4 3 2 1 2 0 0.2377
41 3 6 3 2 1 3 1 0.8848
42 2 9 2 1 1 2 1 0.2650
43 3 7 1 1 1 1 1 0.7540
44 2 9 3 1 1 3 1 0.7427
45 3 1 1 1 1 1 1 0.6500
46 3 1 3 1 1 3 1 0.2250
47 1 6 2 1 1 2 1 1.5922
48 2 2 2 2 1 3 0 0.9957
49 3 7 3 2 1 3 1 0.4930
50 1 4 1 2 1 1 1 0.2853
51 1 4 2 1 1 2 1 0.0841
52 3 6 2 2 1 2 1 0.2657
53 1 4 3 1 1 3 1 0.6234
54 1 8 1 2 1 1 1 0.2368
55 3 5 3 1 1 3 1 0.9814
56 3 5 2 2 1 1 0 0.6443
57 1 6 1 1 1 1 1 0.3074
58 3 5 2 1 1 2 1 0.8225
59 2 9 1 2 1 1 1 0.7139
60 1 8 3 1 1 3 1 1.0444
61 1 4 2 2 1 2 1 0.6752
62 3 6 3 1 1 3 1 0.2547
63 3 6 1 1 1 1 1 0.5533
64 3 7 2 2 1 2 1 0.5504
65 1 1 2 1 1 2 1 0.7947
66 2 2 1 1 1 1 1 0.8992
