Ear: B
Audiogram left  : NA
Audiogram right : NA
# Keys:
# Consonant_ID  : d=1 g=2 l=3 f=4 th=5 jh=6 p=7 sh=8 t=9 
# Vowel_ID      : IH=1 EH=2 AE=3 
# F0_ID         : high_f0=1 low_f0=2 
# Columns       : Trial Con1 Con2 V1 V2 F01 F02 Ans1V Ans2V Ans3V Ans1C Ans2C Ans3C OneType BothOK RT
1 2 2 3 1 1 2 1 1 -1 1 0 0 1 0 4.0399
2 2 2 1 3 1 1 3 -1 -1 1 0 0 1 0 1.3587
3 1 1 1 3 2 2 3 -1 -1 1 0 0 1 0 0.6031
4 1 1 3 1 1 2 1 3 -1 1 1 0 0 1 5.1897
5 1 6 3 1 2 2 1 3 -1 1 0 0 0 1 2.1171
6 2 2 3 1 1 1 1 3 -1 1 0 0 0 1 3.3280
7 1 1 1 3 1 1 3 -1 -1 1 0 0 1 0 0.6633
8 1 1 3 1 2 2 1 3 -1 1 0 0 0 1 0.9055
9 2 2 1 1 1 2 1 3 -1 1 0 0 0 0 1.5676
10 3 1 1 3 1 1 3 -1 -1 1 0 0 1 0 1.5503
11 2 9 3 1 1 2 1 3 -1 1 0 0 0 1 1.1514
12 1 4 2 2 2 2 2 -1 -1 1 0 0 1 1 4.0063
13 1 8 1 1 1 2 1 -1 -1 1 0 0 1 1 2.2654
14 1 4 2 2 1 2 2 -1 -1 1 0 0 1 1 0.6036
15 1 6 1 3 1 2 3 3 -1 1 0 0 1 0 5.0887
16 2 9 3 1 2 2 1 -1 -1 1 0 0 1 0 5.7222
17 2 9 1 3 1 2 3 -1 -1 1 0 0 1 0 0.5729
18 3 5 1 3 1 2 3 -1 -1 1 0 0 1 0 1.0223
19 3 7 1 1 1 2 1 -1 -1 1 0 0 1 1 0.4746
20 3 5 1 3 1 1 2 -1 -1 1 0 0 1 0 0.6488
21 1 4 3 3 1 2 3 -1 -1 1 0 0 1 1 4.7515
22 3 6 3 3 1 1 3 -1 -1 1 0 0 1 1 0.7049
23 1 4 3 1 1 1 1 -1 -1 1 0 0 1 0 0.4559
24 2 5 1 3 1 2 2 -1 -1 1 0 0 1 0 0.5727
25 2 2 1 3 1 2 2 -1 -1 1 0 0 1 0 0.6900
26 3 6 1 3 1 1 3 -1 -1 1 0 0 1 0 0.5133
27 1 6 3 3 1 2 3 -1 -1 1 0 0 1 1 0.4506
28 3 1 1 3 1 2 3 -1 -1 1 0 0 1 0 0.4076
29 2 2 1 3 2 2 3 -1 -1 1 0 0 1 0 0.5643
30 1 6 1 3 2 2 3 -1 -1 1 0 0 1 0 0.7745
31 1 8 1 3 1 1 2 -1 -1 1 0 0 1 0 0.3893
32 3 1 3 1 2 2 1 -1 -1 1 0 0 1 0 0.5486
33 2 2 3 3 1 2 2 -1 -1 1 0 0 1 0 0.6635
34 3 7 1 1 2 2 1 -1 -1 1 0 0 1 1 0.5258
35 3 5 1 1 1 2 1 -1 -1 1 0 0 1 1 0.3975
36 2 5 2 2 1 2 2 -1 -1 1 0 0 1 1 0.3388
37 2 9 1 3 1 1 3 -1 -1 1 0 0 1 0 0.4478
38 2 5 1 1 1 2 1 -1 -1 1 0 0 1 1 1.3761
39 2 9 2 2 1 2 2 -1 -1 1 0 0 1 1 0.3880
40 1 4 3 1 2 2 1 -1 -1 1 0 0 1 0 2.8966
41 3 7 3 1 1 2 1 -1 -1 1 0 0 1 0 0.7682
42 3 1 2 2 2 2 2 -1 -1 1 0 0 1 1 0.5604
43 1 6 2 2 1 2 2 -1 -1 1 0 0 1 1 0.8076
44 3 7 3 3 1 2 2 -1 -1 1 0 0 1 0 1.2401
45 2 9 1 1 2 2 1 -1 -1 1 0 0 1 1 0.7144
46 1 8 1 3 2 2 2 -1 -1 1 0 0 1 0 0.5482
47 2 5 1 3 2 2 2 -1 -1 1 0 0 1 0 1.4642
48 1 8 3 1 2 2 1 -1 -1 1 0 0 1 0 0.6043
49 3 6 1 3 1 2 3 -1 -1 1 0 0 1 0 2.4913
50 3 7 1 3 1 2 3 -1 -1 1 0 0 1 0 2.2369
51 1 1 1 3 1 2 3 -1 -1 1 0 0 1 0 4.8221
52 3 5 3 1 1 2 1 -1 -1 1 0 0 1 0 1.1813
53 3 1 1 1 1 1 1 -1 -1 1 0 0 1 1 2.9848
54 3 5 3 3 1 2 2 -1 -1 1 0 0 1 0 0.7770
55 2 5 3 1 1 1 1 -1 -1 1 0 0 1 0 0.4930
56 3 1 3 3 1 2 3 -1 -1 1 0 0 1 1 1.6304
57 2 5 3 3 1 2 2 -1 -1 1 0 0 1 0 0.5350
58 2 9 1 1 1 2 1 -1 -1 1 0 0 1 1 0.9586
59 1 1 3 3 1 2 3 -1 -1 1 0 0 1 1 0.8480
60 2 2 2 2 1 2 2 -1 -1 1 0 0 1 1 1.0616
61 3 1 2 2 1 2 1 -1 -1 1 0 0 1 0 0.4510
62 3 1 3 1 1 2 1 -1 -1 1 0 0 1 0 0.6698
63 3 7 3 1 1 1 1 -1 -1 1 0 0 1 0 0.7511
64 3 5 3 1 1 1 1 -1 -1 1 0 0 1 0 0.9368
65 3 6 1 3 2 2 3 -1 -1 1 0 0 1 0 0.8109
66 3 7 2 2 1 2 2 -1 -1 1 0 0 1 1 3.1116
67 1 6 1 1 1 2 1 -1 -1 1 0 0 1 1 0.8265
68 1 4 3 1 1 2 1 -1 -1 1 0 0 1 0 0.4331
69 3 6 3 1 1 1 1 -1 -1 1 0 0 1 0 0.4887
70 3 6 1 1 2 2 1 -1 -1 1 0 0 1 1 0.4458
71 2 5 3 1 1 2 1 -1 -1 1 0 0 1 0 0.4314
72 3 5 2 2 1 2 2 -1 -1 1 0 0 1 1 2.1217
73 1 6 1 3 1 1 3 -1 -1 1 0 0 1 0 0.9964
74 2 2 3 1 2 2 1 -1 -1 1 0 0 1 0 1.8564
75 3 6 3 1 2 2 1 -1 -1 1 0 0 1 0 0.5610
76 3 1 3 1 1 1 1 -1 -1 1 0 0 1 0 0.5043
77 1 1 1 1 1 2 1 -1 -1 1 0 0 1 1 7.5108
78 1 1 3 1 1 1 1 -1 -1 1 0 0 1 0 1.1227
79 3 7 1 3 2 2 3 -1 -1 1 0 0 1 0 0.5917
80 3 5 3 1 2 2 1 -1 -1 1 0 0 1 0 1.3581
81 3 6 2 2 1 2 2 -1 -1 1 0 0 1 1 0.4522
82 1 4 1 3 1 2 2 3 -1 1 1 0 0 0 9.2697
83 3 6 2 2 2 2 2 -1 -1 1 0 0 1 1 0.8262
84 1 4 1 1 1 2 1 -1 -1 1 0 0 1 1 1.7367
85 3 1 1 3 2 2 3 -1 -1 1 0 0 1 0 0.7363
86 3 6 3 1 1 2 1 -1 -1 1 0 0 1 0 0.4477
87 2 2 1 1 1 1 1 -1 -1 1 0 0 1 1 0.9063
88 1 1 3 3 1 1 3 -1 -1 1 0 0 1 1 2.4972
89 2 9 3 3 1 2 3 -1 -1 1 0 0 1 1 0.4979
90 1 8 2 2 1 2 2 -1 -1 1 0 0 1 1 1.3778
91 2 2 3 3 1 1 2 -1 -1 1 0 0 1 0 2.9508
92 2 5 3 1 2 2 1 -1 -1 1 0 0 1 0 0.5338
93 2 5 1 3 1 1 2 -1 -1 1 0 0 1 0 2.4788
94 3 6 1 1 1 2 1 -1 -1 1 0 0 1 1 0.7408
95 1 8 1 3 1 2 2 -1 -1 1 0 0 1 0 2.7721
96 1 1 2 2 1 2 2 -1 -1 1 0 0 1 1 0.9563
97 2 9 3 1 1 1 1 -1 -1 1 0 0 1 0 0.6421
98 1 6 3 1 1 1 1 -1 -1 1 0 0 1 0 0.5708
99 1 8 3 1 1 1 1 -1 -1 1 0 0 1 0 0.8237
100 3 6 3 3 1 2 3 -1 -1 1 0 0 1 1 1.0303
101 1 8 3 1 1 2 1 -1 -1 1 0 0 1 0 1.0896
102 1 4 1 3 2 2 2 -1 -1 1 0 0 1 0 0.4412
103 1 6 3 1 1 2 1 -1 -1 1 0 0 1 0 1.5147
104 1 4 1 3 1 1 2 -1 -1 1 0 0 1 0 1.5764
105 1 8 3 3 1 2 2 -1 -1 1 0 0 1 0 1.0250
106 3 7 1 3 1 1 3 -1 -1 1 0 0 1 0 2.4828
107 2 9 1 3 2 2 3 -1 -1 1 0 0 1 0 0.5366
108 3 7 3 1 2 2 1 -1 -1 1 0 0 1 0 1.5257
109 3 5 1 3 2 2 3 -1 -1 1 0 0 1 0 2.7528
110 3 1 1 1 1 2 1 -1 -1 1 0 0 1 1 0.6937
