Ear: L
Audiogram left  : NA
Audiogram right : NA
# Keys:
# Consonant_ID  : d=1 g=2 l=3 f=4 th=5 jh=6 p=7 sh=8 t=9 
# Vowel_ID      : IH=1 EH=2 AE=3 
# F0_ID         : high_f0=1 low_f0=2 # Columns       : Trial Consonant_1_ID Consonant_2_ID Vowel_ID F0_ID Heard_Consonant Answer_vowel Correct Time_elapsed
1 3 5 3 2 1 2 0 4.0905
2 2 9 2 2 1 2 1 0.7370
3 3 7 1 2 1 1 1 0.6988
4 3 7 2 1 1 2 1 0.6469
5 1 8 2 1 1 2 1 0.8964
6 2 9 1 1 1 1 1 0.8045
7 2 2 2 2 1 2 1 0.8554
8 2 2 3 2 1 3 1 0.3362
9 3 1 3 2 1 3 1 1.1072
10 1 4 2 1 1 2 1 1.1561
11 2 2 1 2 1 1 1 0.1448
12 3 5 2 2 1 1 0 0.7258
13 2 9 3 1 1 3 1 1.5774
14 1 6 2 2 1 2 1 0.6847
15 3 1 1 1 1 1 1 0.7148
16 3 6 1 1 1 1 1 0.9690
17 1 6 2 1 1 2 1 0.7943
18 1 8 1 2 1 1 1 0.5117
19 2 5 2 2 1 2 1 0.0624
20 1 6 3 1 1 3 1 0.4619
21 3 6 2 1 1 2 1 0.6517
22 3 1 2 1 1 2 1 0.9764
23 3 5 1 1 1 1 1 0.9739
24 1 4 1 2 1 1 1 0.7503
25 3 5 3 1 1 3 1 0.1754
26 1 1 3 1 1 3 1 1.6718
27 2 2 1 1 1 1 1 0.9061
28 2 5 1 2 1 1 1 0.5689
29 3 1 3 1 1 3 1 0.5194
30 1 6 3 2 1 3 1 0.6860
31 1 8 3 2 1 3 1 0.9234
32 2 9 2 1 1 2 1 0.2400
33 3 7 3 1 1 3 1 0.8393
34 3 7 3 2 1 3 1 0.7430
35 3 1 1 2 1 1 1 0.9354
36 1 1 3 2 1 3 1 0.3499
37 1 6 1 2 1 1 1 0.8662
38 1 4 3 1 1 3 1 0.2047
39 2 5 3 1 1 2 0 0.8066
40 2 5 3 2 1 2 0 1.0072
41 1 8 1 1 1 1 1 0.9003
42 1 4 1 1 1 1 1 0.8342
43 1 1 1 2 1 1 1 0.6924
44 1 1 1 1 1 2 0 1.4521
45 3 6 2 2 1 2 1 0.0102
46 2 2 3 1 1 3 1 0.2669
47 2 9 1 2 1 1 1 0.6450
48 3 5 1 2 1 1 1 0.5728
49 1 4 2 2 1 2 1 0.7047
50 3 7 1 1 1 1 1 0.1637
51 1 8 2 2 1 2 1 0.5500
52 1 6 1 1 1 1 1 0.7366
53 2 5 2 1 1 2 1 0.5280
54 3 5 2 1 1 2 1 0.3884
55 2 9 3 2 1 3 1 0.1428
56 1 1 2 2 1 2 1 0.5394
57 1 1 2 1 1 2 1 0.9282
58 2 5 1 1 1 1 1 1.3749
59 3 7 2 2 1 2 1 0.8354
60 3 6 3 2 1 3 1 0.0213
61 1 8 3 1 1 2 0 0.2959
62 3 6 1 2 1 1 1 0.0417
63 3 6 3 1 1 3 1 0.6234
64 1 4 3 2 1 3 1 0.6842
65 2 2 2 1 1 1 0 2.2683
66 3 1 2 2 1 2 1 0.4534
