Ear: B
Audiogram left  : NA
Audiogram right : NA
# Keys:
# Consonant_ID  : d=1 g=2 l=3 f=4 th=5 jh=6 p=7 sh=8 t=9 
# Vowel_ID      : IH=1 EH=2 AE=3 
# F0_ID         : high_f0=1 low_f0=2 
# Columns       : Trial Con1 Con2 V1 V2 F01 F02 Ans1V Ans2V Ans3V Ans1C Ans2C Ans3C OneType BothOK RT
1 2 2 3 1 1 2 1 2 -1 1 0 0 0 0 6.3223
2 2 2 1 3 1 1 1 3 -1 1 1 0 0 1 3.1155
3 1 1 1 3 2 2 3 1 -1 1 0 0 0 1 5.5413
4 1 1 3 1 1 2 3 1 -1 1 0 0 0 1 3.0587
5 1 6 3 1 2 2 3 1 -1 1 1 0 0 1 5.0347
6 2 2 3 1 1 1 1 3 -1 1 1 0 0 1 3.4276
7 1 1 1 3 1 1 1 3 -1 1 1 0 0 1 6.0977
8 1 1 3 1 2 2 3 1 -1 1 0 0 0 1 3.2092
9 2 2 1 1 1 2 1 1 -1 1 0 0 1 1 3.2477
10 3 1 1 3 1 1 2 3 -1 1 1 0 0 0 5.8458
11 2 9 3 1 1 2 3 1 -1 1 1 0 0 1 1.7824
12 1 4 2 2 2 2 2 -1 -1 1 0 0 1 1 1.6370
13 1 8 1 1 1 2 1 -1 -1 1 0 0 1 1 0.5924
14 1 4 2 2 1 2 2 -1 -1 1 0 0 1 1 0.5918
15 1 6 1 3 1 2 1 3 -1 1 1 0 0 1 1.2408
16 2 9 3 1 2 2 1 3 -1 1 1 0 0 1 1.8255
17 2 9 1 3 1 2 1 3 -1 1 1 0 0 1 3.3118
18 3 5 1 3 1 2 1 3 -1 1 1 0 0 1 1.1130
19 3 7 1 1 1 2 1 1 -1 1 0 0 1 1 3.2451
20 3 5 1 3 1 1 1 3 -1 1 0 0 0 1 2.2529
21 1 4 3 3 1 2 1 3 -1 1 1 0 0 0 5.8421
22 3 6 3 3 1 1 3 -1 -1 1 0 0 1 1 1.7846
23 1 4 3 1 1 1 1 3 -1 1 1 0 0 1 2.0754
24 2 5 1 3 1 2 1 3 -1 1 1 0 0 1 1.1970
25 2 2 1 3 1 2 2 1 -1 1 1 0 0 0 2.9003
26 3 6 1 3 1 1 1 3 -1 1 0 0 0 1 1.8804
27 1 6 3 3 1 2 3 -1 -1 1 0 0 1 1 6.7234
28 3 1 1 3 1 2 1 3 -1 1 1 0 0 1 2.0327
29 2 2 1 3 2 2 1 2 -1 1 0 0 0 0 4.2824
30 1 6 1 3 2 2 1 3 -1 1 1 0 0 1 1.9475
31 1 8 1 3 1 1 1 2 -1 1 0 0 0 0 1.2626
32 3 1 3 1 2 2 1 3 -1 1 1 0 0 1 5.1085
33 2 2 3 3 1 2 2 -1 -1 1 0 0 1 0 1.5578
34 3 7 1 1 2 2 1 -1 -1 1 0 0 1 1 1.2492
35 3 5 1 1 1 2 1 -1 -1 1 0 0 1 1 0.6537
36 2 5 2 2 1 2 2 2 -1 1 0 0 1 1 1.2001
37 2 9 1 3 1 1 1 3 -1 1 1 0 0 1 2.1060
38 2 5 1 1 1 2 1 1 -1 1 0 0 1 1 1.6947
39 2 9 2 2 1 2 2 2 -1 1 0 0 1 1 5.9150
40 1 4 3 1 2 2 1 2 -1 1 1 0 0 0 1.2450
41 3 7 3 1 1 2 1 3 -1 1 1 0 0 1 5.0163
42 3 1 2 2 2 2 2 -1 -1 1 0 0 1 1 1.0154
43 1 6 2 2 1 2 2 2 -1 1 0 0 1 1 2.3116
44 3 7 3 3 1 2 2 3 -1 1 1 0 0 0 2.7926
45 2 9 1 1 2 2 1 -1 -1 1 0 0 1 1 0.9987
46 1 8 1 3 2 2 1 2 -1 1 1 0 0 0 1.7049
47 2 5 1 3 2 2 1 3 -1 1 1 0 0 1 2.4266
48 1 8 3 1 2 2 3 1 -1 1 1 0 0 1 1.7584
49 3 6 1 3 1 2 1 3 -1 1 1 0 0 1 1.8342
50 3 7 1 3 1 2 1 3 -1 1 1 0 0 1 1.2574
51 1 1 1 3 1 2 1 3 -1 1 1 0 0 1 1.2233
52 3 5 3 1 1 2 1 3 -1 1 1 0 0 1 4.8246
53 3 1 1 1 1 1 1 -1 -1 1 0 0 1 1 9.2999
54 3 5 3 3 1 2 3 2 -1 1 1 0 0 0 2.4151
55 2 5 3 1 1 1 1 3 -1 1 1 0 0 1 3.8690
56 3 1 3 3 1 2 3 3 -1 1 0 0 1 1 2.8022
57 2 5 3 3 1 2 3 3 -1 1 0 0 1 1 1.4770
58 2 9 1 1 1 2 1 1 -1 1 0 0 1 1 1.6204
59 1 1 3 3 1 2 3 2 -1 1 0 0 0 0 2.0879
60 2 2 2 2 1 2 2 2 -1 1 0 0 1 1 2.0064
61 3 1 2 2 1 2 2 1 -1 1 0 0 0 0 2.2009
62 3 1 3 1 1 2 3 1 -1 1 0 0 0 1 7.1325
63 3 7 3 1 1 1 1 3 -1 0 1 0 0 1 2.0226
64 3 5 3 1 1 1 1 3 -1 0 1 0 0 1 4.0056
65 3 6 1 3 2 2 1 3 -1 1 1 0 0 1 3.0796
66 3 7 2 2 1 2 2 2 -1 1 0 0 1 1 4.2564
67 1 6 1 1 1 2 1 1 -1 1 0 0 1 1 3.7016
68 1 4 3 1 1 2 1 3 -1 1 1 0 0 1 1.6366
69 3 6 3 1 1 1 1 3 -1 1 1 0 0 1 1.4638
70 3 6 1 1 2 2 1 -1 -1 1 0 0 1 1 1.4096
71 2 5 3 1 1 2 1 3 -1 1 1 0 0 1 1.1961
72 3 5 2 2 1 2 2 2 -1 1 0 0 1 1 4.7024
73 1 6 1 3 1 1 1 3 -1 1 1 0 0 1 1.2018
74 2 2 3 1 2 2 1 2 -1 1 1 0 0 0 1.4198
75 3 6 3 1 2 2 1 3 -1 1 1 0 0 1 1.3941
76 3 1 3 1 1 1 3 2 -1 1 1 0 0 0 3.0621
77 1 1 1 1 1 2 1 3 -1 1 1 0 0 0 4.4044
78 1 1 3 1 1 1 3 1 -1 1 0 0 0 1 7.1688
79 3 7 1 3 2 2 3 1 -1 1 0 0 0 1 2.3880
80 3 5 3 1 2 2 1 -1 -1 1 0 0 1 0 1.4039
81 3 6 2 2 1 2 2 2 -1 1 0 0 1 1 6.6384
82 1 4 1 3 1 2 1 3 -1 1 0 0 0 1 3.1265
83 3 6 2 2 2 2 2 -1 -1 1 0 0 1 1 1.5835
84 1 4 1 1 1 2 1 -1 -1 1 0 0 1 1 2.3431
85 3 1 1 3 2 2 1 3 -1 1 0 0 0 1 5.4732
86 3 6 3 1 1 2 1 3 -1 1 0 0 0 1 2.3455
87 2 2 1 1 1 1 1 -1 -1 1 0 0 1 1 1.1959
88 1 1 3 3 1 1 3 -1 -1 1 0 0 1 1 0.8358
89 2 9 3 3 1 2 3 3 -1 1 0 0 1 1 4.1512
90 1 8 2 2 1 2 2 -1 -1 1 0 0 1 1 0.4834
91 2 2 3 3 1 1 3 -1 -1 1 0 0 1 1 3.3154
92 2 5 3 1 2 2 1 2 -1 1 1 0 0 0 1.3847
93 2 5 1 3 1 1 1 2 -1 1 0 0 0 0 1.4988
94 3 6 1 1 1 2 1 -1 -1 1 0 0 1 1 0.8567
95 1 8 1 3 1 2 1 2 -1 1 0 0 0 0 1.4856
96 1 1 2 2 1 2 2 2 -1 1 0 0 1 1 1.1049
97 2 9 3 1 1 1 1 3 -1 1 0 0 0 1 1.7922
98 1 6 3 1 1 1 1 3 -1 1 0 0 0 1 2.3532
99 1 8 3 1 1 1 1 2 -1 1 0 0 0 0 1.3223
100 3 6 3 3 1 2 3 2 -1 1 0 0 0 0 3.0267
101 1 8 3 1 1 2 1 2 -1 1 0 0 0 0 2.9255
102 1 4 1 3 2 2 1 2 -1 1 0 0 0 0 1.7383
103 1 6 3 1 1 2 1 3 -1 1 1 0 0 1 1.1927
104 1 4 1 3 1 1 1 2 -1 1 0 0 0 0 1.6748
105 1 8 3 3 1 2 3 2 -1 1 0 0 0 0 0.9387
106 3 7 1 3 1 1 1 2 -1 0 1 0 0 0 6.7023
107 2 9 1 3 2 2 1 3 -1 1 1 0 0 1 2.3821
108 3 7 3 1 2 2 3 1 -1 1 0 0 0 1 4.8762
109 3 5 1 3 2 2 1 2 -1 1 0 0 0 0 2.7715
110 3 1 1 1 1 2 1 2 -1 1 0 0 0 0 1.5317
