Ear: B
Audiogram left  : NA
Audiogram right : NA
# Keys:
# Consonant_ID  : d=1 g=2 l=3 f=4 th=5 jh=6 p=7 sh=8 t=9 
# Vowel_ID      : IH=1 EH=2 AE=3 
# F0_ID         : high_f0=1 low_f0=2 # Columns       : Trial Consonant_1_ID Consonant_2_ID Vowel_ID F0_ID Heard_Consonant Answer_vowel Correct Time_elapsed
1 1 6 3 1 1 3 1 5.0738
2 1 1 1 1 1 1 1 1.9645
3 2 9 3 2 1 3 1 0.3190
4 2 2 1 1 1 1 1 1.3084
5 1 6 2 1 1 2 1 1.3434
6 1 6 1 2 1 1 1 1.2117
7 3 6 1 2 1 1 1 0.9744
8 1 8 3 1 1 2 0 0.3386
9 3 5 3 2 1 2 0 1.2001
10 1 4 3 2 1 2 0 0.0834
11 3 6 3 1 1 3 1 0.0411
12 3 7 2 1 1 1 0 1.2045
13 3 6 3 2 1 3 1 1.0888
14 3 1 1 2 1 1 1 1.9390
15 3 1 2 1 1 2 1 3.0702
16 1 8 1 1 1 1 1 1.0277
17 3 5 1 2 1 1 1 2.5927
18 3 7 3 2 1 2 0 0.0520
19 3 6 2 2 1 2 1 0.0212
20 3 1 2 2 1 2 1 0.2071
21 2 5 2 1 1 2 1 0.8559
22 1 6 2 2 1 2 1 1.0046
23 3 7 1 1 1 1 1 1.8571
24 3 1 3 2 1 3 1 0.2178
25 1 4 2 2 1 2 1 0.9162
26 2 2 1 2 1 1 1 0.7998
27 1 6 1 1 1 1 1 0.8458
28 1 1 2 1 1 2 1 0.7017
29 2 9 1 1 1 1 1 0.6537
30 1 4 2 1 1 2 1 0.8367
31 2 2 3 2 1 2 0 0.7758
32 1 1 3 2 1 3 1 0.5818
33 1 8 1 2 1 1 1 0.7199
34 1 6 3 2 1 3 1 0.7460
35 2 9 3 1 1 3 1 0.5615
36 1 1 2 2 1 2 1 0.7338
37 3 7 2 2 1 1 0 0.8157
38 3 6 2 1 1 2 1 1.8909
39 2 5 1 2 1 1 1 0.7256
40 3 6 1 1 1 1 1 0.8044
41 3 7 3 1 1 3 1 0.0623
42 3 5 2 1 1 1 0 0.0209
43 1 1 3 1 1 3 1 0.7864
44 3 7 1 2 1 1 1 0.7865
45 2 9 2 1 1 2 1 0.6241
46 2 5 1 1 1 1 1 0.8984
47 3 1 3 1 1 3 1 0.1323
48 1 4 1 2 1 1 1 0.6473
49 2 5 3 2 1 2 0 0.5532
50 2 2 2 1 1 1 0 0.0509
51 3 5 3 1 1 3 1 1.0856
52 2 2 3 1 1 2 0 2.5394
53 2 5 2 2 1 2 1 0.7713
54 1 8 2 2 1 2 1 0.4601
55 1 4 3 1 1 3 1 1.2482
56 1 4 1 1 1 1 1 0.7392
57 1 8 3 2 1 3 1 0.8643
58 3 5 2 2 1 1 0 0.7667
59 2 9 1 2 1 1 1 0.8071
60 3 1 1 1 1 1 1 0.7960
61 1 1 1 2 1 1 1 3.6488
62 1 8 2 1 1 2 1 0.2065
63 2 5 3 1 1 3 1 0.2577
64 2 2 2 2 1 2 1 1.7836
65 2 9 2 2 1 2 1 1.7934
66 3 5 1 1 1 1 1 2.4575
