Ear: R
Audiogram left  : NA
Audiogram right : NA
# Keys:
# Consonant_ID  : d=1 g=2 l=3 f=4 th=5 jh=6 p=7 sh=8 t=9 
# Vowel_ID      : IH=1 EH=2 AE=3 
# F0_ID         : high_f0=1 low_f0=2 # Columns       : Trial Consonant_1_ID Consonant_2_ID Vowel_ID F0_ID Heard_Consonant Answer_vowel Correct Time_elapsed
1 3 1 3 2 1 3 1 0.0415
2 1 8 1 2 1 1 1 0.7439
3 3 7 3 2 1 3 1 0.0213
4 2 2 1 1 1 1 1 0.2276
5 2 9 1 1 1 1 1 0.2573
6 2 2 2 2 1 2 1 0.2764
7 3 6 1 2 1 1 1 1.3613
8 3 5 2 2 1 2 1 0.1432
9 3 6 1 1 1 1 1 0.8438
10 3 5 3 1 1 3 1 0.9649
11 2 5 1 1 1 1 1 1.1664
12 3 1 2 1 1 2 1 0.8175
13 3 7 2 1 1 2 1 0.4270
14 1 8 3 1 1 3 1 0.6965
15 3 7 1 1 1 1 1 0.1470
16 1 6 1 1 1 1 1 0.2163
17 2 9 2 1 1 2 1 0.2366
18 1 1 3 2 1 3 1 0.3245
19 3 1 3 1 1 3 1 1.8400
20 3 5 1 1 1 1 1 0.3717
21 1 6 3 1 1 3 1 0.5927
22 1 4 1 1 1 1 1 0.6641
23 1 6 3 2 1 3 1 0.6230
24 3 7 2 2 1 2 1 0.6599
25 3 7 1 2 1 1 1 1.7939
26 1 4 3 1 1 2 0 0.2786
27 3 6 2 2 1 2 1 0.1481
28 2 9 1 2 1 1 1 0.6040
29 2 2 2 1 1 2 1 3.1780
30 1 4 3 2 1 3 1 0.0728
31 2 9 3 1 1 3 1 1.9453
32 1 6 1 2 1 1 1 0.1170
33 3 6 3 1 1 3 1 0.8485
34 1 1 2 2 1 2 1 1.3118
35 1 1 3 1 1 3 1 0.3158
36 1 1 2 1 1 2 1 1.1102
37 1 8 2 1 1 2 1 0.7817
38 3 7 3 1 1 2 0 0.9709
39 3 1 2 2 1 2 1 0.0830
40 2 2 3 1 1 3 1 1.0590
41 1 1 1 1 1 1 1 0.4619
42 1 4 1 2 1 1 1 0.1953
43 3 6 2 1 1 2 1 0.7528
44 3 6 3 2 1 3 1 0.7366
45 3 5 1 2 1 1 1 0.5836
46 1 4 2 2 1 2 1 0.6850
47 3 5 3 2 1 2 0 0.5279
48 1 6 2 1 1 2 1 0.5208
49 1 8 2 2 1 2 1 0.2738
50 2 5 2 1 1 2 1 0.5216
51 3 1 1 1 1 1 1 0.2059
52 1 4 2 1 1 2 1 0.8611
53 2 2 3 2 1 2 0 0.5398
54 1 6 2 2 1 2 1 0.0935
55 2 9 2 2 1 2 1 0.6735
56 2 5 3 1 1 3 1 1.2060
57 2 5 3 2 1 2 0 0.4706
58 3 5 2 1 1 2 1 0.7072
59 2 9 3 2 1 3 1 6.2356
60 1 8 1 1 1 1 1 0.5533
61 2 2 1 2 1 1 1 0.7867
62 1 8 3 2 1 3 1 0.8668
63 3 1 1 2 1 1 1 0.5934
64 1 1 1 2 1 1 1 0.0920
65 2 5 2 2 1 2 1 3.8971
66 2 5 1 2 1 1 1 1.3664
