Ear: L
Audiogram left  : NA
Audiogram right : NA
# Keys:
# Consonant_ID  : d=1 g=2 l=3 f=4 th=5 jh=6 p=7 sh=8 t=9 
# Vowel_ID      : IH=1 EH=2 AE=3 
# F0_ID         : high_f0=1 low_f0=2 # Columns       : Trial Consonant_1_ID Consonant_2_ID Vowel_ID F0_ID Heard_Consonant Answer_vowel Correct Time_elapsed
1 3 6 2 1 1 2 1 0.1461
2 3 1 2 1 1 2 1 0.6987
3 3 7 2 1 1 1 0 0.6128
4 1 8 3 2 1 3 1 2.2711
5 3 5 2 2 1 1 0 1.1834
6 3 5 1 2 1 1 1 0.4996
7 1 8 3 1 1 3 1 1.4984
8 3 7 1 2 1 1 1 0.5277
9 2 9 1 1 1 1 1 0.4107
10 2 5 3 1 1 3 1 0.1329
11 3 1 3 2 1 3 1 0.7651
12 3 1 1 2 1 1 1 0.0311
13 1 1 3 2 1 3 1 2.3833
14 1 8 2 2 1 2 1 0.1851
15 2 5 2 1 1 2 1 0.4402
16 3 6 3 1 1 3 1 1.1035
17 1 4 3 1 1 3 1 1.0713
18 1 1 3 1 1 3 1 1.7962
19 1 1 1 2 1 1 1 0.7660
20 2 2 1 2 1 1 1 0.8656
21 1 4 2 1 1 3 0 1.8380
22 1 6 1 1 1 1 1 0.9299
23 1 4 1 1 1 1 1 1.1716
24 3 6 3 2 1 3 1 1.9609
25 3 7 2 2 1 1 0 1.1250
26 3 6 1 1 1 1 1 2.7329
27 1 1 2 2 1 2 1 1.0299
28 2 9 3 1 1 3 1 0.3058
29 1 8 1 2 1 1 1 0.5427
30 3 5 3 1 1 3 1 0.7956
31 2 5 3 2 1 2 0 2.8390
32 1 8 2 1 1 2 1 0.0103
33 3 5 2 1 1 2 1 1.1526
34 1 6 3 1 1 3 1 0.5424
35 2 2 3 2 1 3 1 2.1594
36 2 2 2 1 1 1 0 2.4690
37 3 6 2 2 1 2 1 0.7449
38 1 1 1 1 1 1 1 0.0513
39 1 4 2 2 1 2 1 0.6864
40 2 5 2 2 1 2 1 0.3264
41 1 6 1 2 1 1 1 0.6861
42 1 6 3 2 1 3 1 0.0324
43 2 9 2 2 1 2 1 1.0383
44 3 1 3 1 1 3 1 0.3537
45 3 6 1 2 1 1 1 0.5714
46 1 8 1 1 1 1 1 0.0305
47 3 5 3 2 1 2 0 2.0140
48 1 6 2 1 1 2 1 0.9463
49 1 6 2 2 1 2 1 0.0642
50 2 9 3 2 1 3 1 0.8473
51 3 1 1 1 1 1 1 1.1346
52 1 4 3 2 1 2 0 0.6345
53 2 2 3 1 1 2 0 3.1139
54 1 1 2 1 1 2 1 0.7045
55 3 1 2 2 1 2 1 0.6594
56 2 2 2 2 1 2 1 0.7936
57 2 5 1 2 1 1 1 0.0826
58 2 2 1 1 1 1 1 2.1774
59 2 9 1 2 1 1 1 1.4883
60 3 7 1 1 1 1 1 0.1944
61 3 7 3 2 1 3 1 0.7022
62 3 5 1 1 1 1 1 0.3097
63 2 9 2 1 1 2 1 0.7467
64 3 7 3 1 1 2 0 0.7678
65 1 4 1 2 1 1 1 0.2748
66 2 5 1 1 1 1 1 0.2979
