Ear: B
Audiogram left  : NA
Audiogram right : NA
# Keys:
# Consonant_ID  : d=1 g=2 l=3 f=4 th=5 jh=6 p=7 sh=8 t=9 
# Vowel_ID      : IH=1 EH=2 AE=3 
# F0_ID         : high_f0=1 low_f0=2 # Columns       : Trial Consonant_1_ID Consonant_2_ID Vowel_ID F0_ID Heard_Consonant Answer_vowel Correct Time_elapsed
1 2 2 3 1 1 3 1 1.0960
2 3 5 1 1 1 1 1 1.6595
3 3 1 2 2 1 2 1 0.3275
4 1 1 1 1 1 2 0 3.9472
5 3 6 1 2 1 1 1 1.6111
6 1 8 1 1 1 1 1 0.6713
7 3 5 2 2 1 2 1 2.0159
8 3 7 3 1 1 3 1 1.3824
9 1 1 3 1 1 3 1 0.3641
10 2 9 2 2 1 2 1 0.7038
11 2 5 1 2 1 1 1 0.0918
12 1 4 3 2 1 2 0 0.6007
13 1 1 3 2 1 2 0 1.8191
14 1 8 3 1 1 2 0 0.6718
15 2 5 3 1 1 2 0 0.6742
16 3 7 1 1 1 1 1 0.7429
17 2 2 2 1 1 2 1 1.4434
18 2 9 2 1 1 2 1 0.6743
19 3 6 2 1 1 2 1 1.9532
20 1 4 1 1 1 1 1 1.0327
21 1 6 3 1 1 3 1 3.6020
22 2 2 3 2 1 2 0 1.1648
23 3 5 1 2 1 1 1 1.0325
24 3 6 2 2 1 2 1 0.1041
25 1 6 2 1 1 2 1 0.1574
26 2 2 1 2 1 1 1 0.9715
27 1 4 1 2 1 1 1 1.0100
28 1 1 2 2 1 2 1 0.9499
29 3 5 2 1 1 2 1 1.0846
30 1 6 1 1 1 1 1 0.2256
31 1 6 2 2 1 2 1 0.8677
32 2 9 1 1 1 1 1 0.7345
33 1 8 1 2 1 1 1 0.7175
34 1 1 2 1 1 2 1 0.7362
35 2 5 2 2 1 2 1 0.7224
36 2 9 1 2 1 1 1 1.3604
37 3 1 1 2 1 1 1 0.7776
38 2 5 3 2 1 2 0 1.2587
39 1 8 2 2 1 2 1 0.5026
40 3 5 3 2 1 2 0 0.1145
41 3 5 3 1 1 3 1 0.1325
42 1 4 3 1 1 2 0 0.8145
43 2 9 3 2 1 3 1 1.0038
44 3 1 1 1 1 1 1 0.9384
45 1 1 1 2 1 1 1 0.6341
46 1 4 2 2 1 2 1 1.6285
47 1 4 2 1 1 3 0 2.1249
48 3 6 1 1 1 1 1 0.6523
49 2 5 1 1 1 1 1 0.0103
50 2 9 3 1 1 3 1 0.4916
51 3 1 3 2 1 3 1 2.7124
52 1 8 2 1 1 2 1 0.3083
53 3 6 3 1 1 3 1 0.0621
54 2 5 2 1 1 2 1 1.1954
55 3 7 1 2 1 1 1 0.6449
56 3 7 3 2 1 3 1 0.0210
57 3 1 3 1 1 3 1 1.0262
58 3 7 2 2 1 1 0 0.3390
59 2 2 2 2 1 2 1 0.2661
60 1 6 3 2 1 3 1 0.5837
61 2 2 1 1 1 1 1 1.1377
62 3 7 2 1 1 2 1 0.5574
63 1 6 1 2 1 1 1 0.0302
64 1 8 3 2 1 2 0 0.7131
65 3 1 2 1 1 1 0 0.3674
66 3 6 3 2 1 3 1 0.1630
