Ear: B
Audiogram left  : NA
Audiogram right : NA
# Keys:
# Consonant_ID  : d=1 g=2 l=3 f=4 th=5 jh=6 p=7 sh=8 t=9 
# Vowel_ID      : IH=1 EH=2 AE=3 
# F0_ID         : high_f0=1 low_f0=2 
# Columns       : Trial Con1 Con2 V1 V2 F01 F02 Ans1V Ans2V Ans3V Ans1C Ans2C Ans3C OneType BothOK RT
1 2 2 3 1 1 2 1 3 -1 1 1 0 0 1 3.2034
2 2 2 1 3 1 1 1 2 -1 1 1 0 0 0 3.2647
3 1 1 1 3 2 2 1 3 -1 1 0 0 0 1 4.4192
4 1 1 3 1 1 2 3 1 -1 1 0 0 0 1 2.0284
5 1 6 3 1 2 2 3 1 -1 0 1 0 0 1 4.2411
6 2 2 3 1 1 1 1 3 -1 1 1 0 0 1 2.6884
7 1 1 1 3 1 1 1 3 -1 1 1 0 0 1 1.8115
8 1 1 3 1 2 2 1 3 -1 1 1 0 0 1 1.6936
9 2 2 1 1 1 2 1 1 -1 1 0 0 1 1 6.3768
10 3 1 1 3 1 1 1 3 -1 1 1 0 0 1 2.2904
11 2 9 3 1 1 2 1 3 -1 1 1 0 0 1 1.3311
12 1 4 2 2 2 2 2 -1 -1 1 0 0 1 1 0.5638
13 1 8 1 1 1 2 1 -1 -1 1 0 0 1 1 0.8701
14 1 4 2 2 1 2 2 -1 -1 1 0 0 1 1 0.4599
15 1 6 1 3 1 2 1 3 -1 1 1 0 0 1 0.9699
16 2 9 3 1 2 2 1 3 -1 1 0 0 0 1 1.3525
17 2 9 1 3 1 2 1 3 -1 1 0 0 0 1 1.2006
18 3 5 1 3 1 2 1 3 -1 1 0 0 0 1 0.8640
19 3 7 1 1 1 2 1 2 -1 1 0 0 0 0 3.8967
20 3 5 1 3 1 1 1 2 -1 1 0 0 0 0 1.2490
21 1 4 3 3 1 2 2 2 -1 1 0 0 1 0 1.9718
22 3 6 3 3 1 1 3 -1 -1 1 0 0 1 1 1.7330
23 1 4 3 1 1 1 1 2 -1 1 1 0 0 0 0.9795
24 2 5 1 3 1 2 1 1 -1 1 0 0 1 0 3.8085
25 2 2 1 3 1 2 1 2 -1 1 0 0 0 0 3.0346
26 3 6 1 3 1 1 1 2 -1 1 0 0 0 0 1.6076
27 1 6 3 3 1 2 3 2 -1 1 0 0 0 0 1.7917
28 3 1 1 3 1 2 1 2 -1 1 0 0 0 0 1.1209
29 2 2 1 3 2 2 1 2 -1 1 1 0 0 0 7.2083
30 1 6 1 3 2 2 1 3 -1 1 1 0 0 1 2.6062
31 1 8 1 3 1 1 1 2 -1 1 0 0 0 0 4.0836
32 3 1 3 1 2 2 3 1 -1 1 0 0 0 1 9.6461
33 2 2 3 3 1 2 3 2 -1 1 1 0 0 0 6.7559
34 3 7 1 1 2 2 1 -1 -1 1 0 0 1 1 2.3085
35 3 5 1 1 1 2 1 -1 -1 1 0 0 1 1 1.0858
36 2 5 2 2 1 2 2 2 -1 1 0 0 1 1 4.1853
37 2 9 1 3 1 1 1 2 -1 1 0 0 0 0 4.4565
38 2 5 1 1 1 2 1 1 -1 1 0 0 1 1 2.2305
39 2 9 2 2 1 2 2 2 -1 1 0 0 1 1 1.8682
40 1 4 3 1 2 2 2 1 -1 1 1 0 0 0 1.9455
41 3 7 3 1 1 2 2 1 -1 1 0 0 0 0 2.6485
42 3 1 2 2 2 2 2 2 -1 1 0 0 1 1 2.4419
43 1 6 2 2 1 2 2 2 -1 1 0 0 1 1 1.8530
44 3 7 3 3 1 2 3 2 -1 1 0 0 0 0 3.0477
45 2 9 1 1 2 2 1 -1 -1 1 0 0 1 1 5.8209
46 1 8 1 3 2 2 1 2 -1 1 0 0 0 0 4.6958
47 2 5 1 3 2 2 1 3 -1 1 1 0 0 1 9.7678
48 1 8 3 1 2 2 1 3 -1 1 1 0 0 1 1.9046
49 3 6 1 3 1 2 1 3 -1 1 1 0 0 1 1.5403
50 3 7 1 3 1 2 1 3 -1 1 1 0 0 1 1.0148
51 1 1 1 3 1 2 1 3 -1 1 1 0 0 1 1.7699
52 3 5 3 1 1 2 1 3 -1 1 1 0 0 1 6.5989
53 3 1 1 1 1 1 1 -1 -1 1 0 0 1 1 4.6483
54 3 5 3 3 1 2 3 3 -1 1 0 0 1 1 1.8599
55 2 5 3 1 1 1 1 3 -1 1 1 0 0 1 1.9472
56 3 1 3 3 1 2 2 3 -1 1 1 0 0 0 1.5201
57 2 5 3 3 1 2 2 2 -1 1 0 0 1 0 3.8810
58 2 9 1 1 1 2 1 1 -1 1 0 0 1 1 2.2714
59 1 1 3 3 1 2 3 3 -1 1 0 0 1 1 2.5369
60 2 2 2 2 1 2 2 2 -1 1 0 0 1 1 4.0987
61 3 1 2 2 1 2 2 3 -1 1 0 0 0 0 5.7569
62 3 1 3 1 1 2 3 -1 -1 1 0 0 1 0 4.1845
63 3 7 3 1 1 1 3 1 -1 1 0 0 0 1 2.2738
64 3 5 3 1 1 1 3 1 -1 1 0 0 0 1 4.9334
65 3 6 1 3 2 2 3 1 -1 0 1 0 0 1 4.3197
66 3 7 2 2 1 2 2 2 -1 1 0 0 1 1 1.7344
67 1 6 1 1 1 2 1 1 -1 1 0 0 1 1 0.8195
68 1 4 3 1 1 2 3 1 -1 1 0 0 0 1 2.4600
69 3 6 3 1 1 1 3 1 -1 1 0 0 0 1 3.1151
70 3 6 1 1 2 2 1 1 -1 1 0 0 1 1 3.3856
71 2 5 3 1 1 2 1 3 -1 1 1 0 0 1 1.7356
72 3 5 2 2 1 2 2 3 -1 1 1 0 0 0 1.7113
73 1 6 1 3 1 1 1 3 -1 1 0 0 0 1 1.8566
74 2 2 3 1 2 2 1 3 -1 1 1 0 0 1 1.9164
75 3 6 3 1 2 2 1 3 -1 1 1 0 0 1 3.2575
76 3 1 3 1 1 1 3 1 -1 1 0 0 0 1 7.7497
77 1 1 1 1 1 2 1 2 -1 1 1 0 0 0 5.8712
78 1 1 3 1 1 1 3 1 -1 1 0 0 0 1 7.8925
79 3 7 1 3 2 2 3 1 -1 1 0 0 0 1 3.7336
80 3 5 3 1 2 2 3 1 -1 1 0 0 0 1 4.2770
81 3 6 2 2 1 2 2 2 -1 1 0 0 1 1 2.5565
82 1 4 1 3 1 2 1 2 -1 1 0 0 0 0 1.6685
83 3 6 2 2 2 2 2 -1 -1 1 0 0 1 1 0.6458
84 1 4 1 1 1 2 1 -1 -1 1 0 0 1 1 1.8339
85 3 1 1 3 2 2 1 3 -1 1 0 0 0 1 5.5400
86 3 6 3 1 1 2 1 3 -1 1 1 0 0 1 1.7289
87 2 2 1 1 1 1 1 -1 -1 1 0 0 1 1 2.1087
88 1 1 3 3 1 1 3 -1 -1 1 0 0 1 1 1.0056
89 2 9 3 3 1 2 3 3 -1 1 0 0 1 1 1.7013
90 1 8 2 2 1 2 2 -1 -1 1 0 0 1 1 0.6003
91 2 2 3 3 1 1 2 -1 -1 1 0 0 1 0 0.8508
92 2 5 3 1 2 2 1 -1 -1 1 0 0 1 0 1.6303
93 2 5 1 3 1 1 3 -1 -1 1 0 0 1 0 1.9050
94 3 6 1 1 1 2 1 -1 -1 1 0 0 1 1 0.7020
95 1 8 1 3 1 2 2 -1 -1 1 0 0 1 0 0.6549
96 1 1 2 2 1 2 2 -1 -1 1 0 0 1 1 0.6101
97 2 9 3 1 1 1 1 -1 -1 1 0 0 1 0 0.5675
98 1 6 3 1 1 1 1 -1 -1 1 0 0 1 0 0.5895
99 1 8 3 1 1 1 1 -1 -1 1 0 0 1 0 0.7042
100 3 6 3 3 1 2 3 -1 -1 1 0 0 1 1 0.8623
101 1 8 3 1 1 2 1 -1 -1 1 0 0 1 0 1.2418
102 1 4 1 3 2 2 2 -1 -1 1 0 0 1 0 0.7335
103 1 6 3 1 1 2 1 -1 -1 1 0 0 1 0 0.6559
104 1 4 1 3 1 1 3 -1 -1 1 0 0 1 0 2.0878
105 1 8 3 3 1 2 3 -1 -1 1 0 0 1 1 16.9054
106 3 7 1 3 1 1 2 -1 -1 1 0 0 1 0 2.6932
107 2 9 1 3 2 2 3 -1 -1 1 0 0 1 0 0.9812
108 3 7 3 1 2 2 1 -1 -1 1 0 0 1 0 0.8895
109 3 5 1 3 2 2 3 -1 -1 1 0 0 1 0 0.9302
110 3 1 1 1 1 2 1 -1 -1 1 0 0 1 1 1.0094
