Ear: B
Audiogram left  : NA
Audiogram right : NA
# Keys:
# Consonant_ID  : d=1 g=2 l=3 f=4 th=5 jh=6 p=7 sh=8 t=9 
# Vowel_ID      : IH=1 EH=2 AE=3 
# F0_ID         : high_f0=1 low_f0=2 
# Columns       : Trial Con1 Con2 V1 V2 F01 F02 Ans1V Ans2V Ans3V Ans1C Ans2C Ans3C OneType BothOK RT
1 2 2 3 1 1 2 1 2 2 1 1 0 0 0 5.5649
2 2 2 1 3 1 1 1 3 1 1 1 0 0 1 7.3628
3 1 1 1 3 2 2 1 3 -1 1 1 0 0 1 3.2106
4 1 1 3 1 1 2 3 1 -1 1 1 0 0 1 3.5654
5 1 6 3 1 2 2 1 3 2 1 1 1 0 0 3.0107
6 2 2 3 1 1 1 1 3 -1 1 1 0 0 1 3.3567
7 1 1 1 3 1 1 1 3 -1 1 1 0 0 1 2.8394
8 1 1 3 1 2 2 3 1 -1 1 1 0 0 1 1.9813
9 2 2 1 1 1 2 1 -1 -1 1 0 0 1 1 9.0418
10 3 1 1 3 1 1 1 3 -1 1 1 0 0 1 6.9328
11 2 9 3 1 1 2 3 1 -1 1 1 0 0 1 2.3303
12 1 4 2 2 2 2 2 -1 -1 1 0 0 1 1 1.7931
13 1 8 1 1 1 2 1 -1 -1 1 0 0 1 1 1.1405
14 1 4 2 2 1 2 2 -1 -1 1 0 0 1 1 0.7372
15 1 6 1 3 1 2 3 1 -1 1 1 0 0 1 3.6900
16 2 9 3 1 2 2 1 3 -1 1 1 0 0 1 1.5938
17 2 9 1 3 1 2 1 3 -1 1 1 0 0 1 1.3212
18 3 5 1 3 1 2 1 3 -1 1 1 0 0 1 1.0079
19 3 7 1 1 1 2 1 2 -1 1 1 0 0 0 3.2216
20 3 5 1 3 1 1 1 2 -1 1 1 0 0 0 2.1204
21 1 4 3 3 1 2 2 3 -1 1 1 0 0 0 1.9458
22 3 6 3 3 1 1 3 -1 -1 1 0 0 1 1 0.8942
23 1 4 3 1 1 1 1 3 -1 1 1 0 0 1 1.4568
24 2 5 1 3 1 2 1 3 -1 1 1 0 0 1 1.0364
25 2 2 1 3 1 2 2 1 -1 1 1 0 0 0 4.1920
26 3 6 1 3 1 1 1 3 -1 1 1 0 0 1 1.5900
27 1 6 3 3 1 2 3 -1 -1 1 0 0 1 1 0.9370
28 3 1 1 3 1 2 3 1 -1 1 1 0 0 1 1.8035
29 2 2 1 3 2 2 1 2 -1 1 1 0 0 0 2.1121
30 1 6 1 3 2 2 1 3 -1 1 1 0 0 1 2.0371
31 1 8 1 3 1 1 1 3 -1 1 1 0 0 1 1.0771
32 3 1 3 1 2 2 3 1 -1 1 1 0 0 1 2.3342
33 2 2 3 3 1 2 3 1 -1 1 1 0 0 0 2.5502
34 3 7 1 1 2 2 1 -1 -1 1 0 0 1 1 0.7444
35 3 5 1 1 1 2 1 3 -1 1 1 0 0 0 1.8189
36 2 5 2 2 1 2 1 3 -1 1 1 0 0 0 1.0475
37 2 9 1 3 1 1 1 3 -1 1 1 0 0 1 0.9162
38 2 5 1 1 1 2 1 3 -1 1 1 0 0 0 1.6279
39 2 9 2 2 1 2 2 3 -1 1 1 0 0 0 3.7059
40 1 4 3 1 2 2 2 1 -1 1 1 0 0 0 1.9471
41 3 7 3 1 1 2 1 3 -1 1 1 0 0 1 1.0501
42 3 1 2 2 2 2 2 -1 -1 1 0 0 1 1 2.7675
43 1 6 2 2 1 2 2 -1 -1 1 0 0 1 1 4.6033
44 3 7 3 3 1 2 3 -1 -1 1 0 0 1 1 2.3632
45 2 9 1 1 2 2 1 -1 -1 1 0 0 1 1 0.6036
46 1 8 1 3 2 2 1 2 -1 1 1 0 0 0 3.5675
47 2 5 1 3 2 2 1 3 -1 1 1 0 0 1 1.3658
48 1 8 3 1 2 2 1 3 -1 1 1 0 0 1 1.1446
49 3 6 1 3 1 2 1 2 -1 1 1 0 0 0 2.3018
50 3 7 1 3 1 2 1 2 -1 1 1 0 0 0 2.3194
51 1 1 1 3 1 2 1 3 -1 1 1 0 0 1 1.6111
52 3 5 3 1 1 2 1 2 -1 1 1 0 0 0 2.3119
53 3 1 1 1 1 1 1 2 -1 1 1 0 0 0 2.3408
54 3 5 3 3 1 2 2 -1 -1 1 0 0 1 0 1.5905
55 2 5 3 1 1 1 1 3 -1 1 1 0 0 1 1.2822
56 3 1 3 3 1 2 3 2 -1 1 1 0 0 0 3.6690
57 2 5 3 3 1 2 2 3 -1 1 1 0 0 0 3.5960
58 2 9 1 1 1 2 1 2 -1 1 1 0 0 0 1.3603
59 1 1 3 3 1 2 3 2 -1 1 1 0 0 0 2.3025
60 2 2 2 2 1 2 2 2 -1 1 0 0 1 1 2.9736
61 3 1 2 2 1 2 2 3 -1 1 1 0 0 0 6.4232
62 3 1 3 1 1 2 1 3 -1 1 1 0 0 1 6.3457
63 3 7 3 1 1 1 1 3 -1 1 1 0 0 1 2.5150
64 3 5 3 1 1 1 2 2 -1 1 0 0 1 0 2.1881
65 3 6 1 3 2 2 1 2 -1 1 0 0 0 0 2.7267
66 3 7 2 2 1 2 2 2 -1 1 0 0 1 1 5.6019
67 1 6 1 1 1 2 1 1 -1 1 0 0 1 1 1.1093
68 1 4 3 1 1 2 1 3 -1 1 1 0 0 1 3.4526
69 3 6 3 1 1 1 2 1 -1 1 1 0 0 0 2.4013
70 3 6 1 1 2 2 1 -1 -1 1 0 0 1 1 1.0132
71 2 5 3 1 1 2 3 1 -1 1 1 0 0 1 1.7724
72 3 5 2 2 1 2 2 3 -1 1 1 0 0 0 4.2478
73 1 6 1 3 1 1 1 -1 -1 1 0 0 1 0 2.0891
74 2 2 3 1 2 2 1 3 -1 1 1 0 0 1 3.9601
75 3 6 3 1 2 2 3 -1 -1 1 0 0 1 0 4.3730
76 3 1 3 1 1 1 1 3 -1 1 1 0 0 1 2.3055
77 1 1 1 1 1 2 1 3 -1 1 1 0 0 0 1.9641
78 1 1 3 1 1 1 1 3 -1 1 1 0 0 1 1.6291
79 3 7 1 3 2 2 1 3 -1 1 1 0 0 1 6.5485
80 3 5 3 1 2 2 1 3 -1 1 1 0 0 1 5.1895
81 3 6 2 2 1 2 3 2 -1 1 0 0 0 0 2.8352
82 1 4 1 3 1 2 1 3 -1 1 0 0 0 1 4.6165
83 3 6 2 2 2 2 2 -1 -1 1 0 0 1 1 0.8838
84 1 4 1 1 1 2 1 -1 -1 1 0 0 1 1 0.9261
85 3 1 1 3 2 2 1 3 -1 1 0 0 0 1 2.8484
86 3 6 3 1 1 2 1 3 -1 1 0 0 0 1 1.8741
87 2 2 1 1 1 1 1 -1 -1 1 0 0 1 1 1.3733
88 1 1 3 3 1 1 3 -1 -1 1 0 0 1 1 0.7542
89 2 9 3 3 1 2 3 3 -1 1 0 0 1 1 1.4770
90 1 8 2 2 1 2 2 -1 -1 1 0 0 1 1 0.5902
91 2 2 3 3 1 1 2 -1 -1 1 0 0 1 0 1.0163
92 2 5 3 1 2 2 1 3 -1 1 1 0 0 1 2.3690
93 2 5 1 3 1 1 1 3 -1 1 1 0 0 1 1.2138
94 3 6 1 1 1 2 1 1 -1 1 0 0 1 1 2.1047
95 1 8 1 3 1 2 1 3 -1 1 0 0 0 1 3.0256
96 1 1 2 2 1 2 2 2 -1 1 0 0 1 1 4.7459
97 2 9 3 1 1 1 1 3 -1 1 0 0 0 1 5.2603
98 1 6 3 1 1 1 1 3 -1 1 0 0 0 1 1.2024
99 1 8 3 1 1 1 3 2 -1 1 0 0 0 0 5.0521
100 3 6 3 3 1 2 3 2 -1 1 0 0 0 0 2.0984
101 1 8 3 1 1 2 3 1 -1 1 0 0 0 1 3.9807
102 1 4 1 3 2 2 1 2 -1 1 0 0 0 0 2.8660
103 1 6 3 1 1 2 2 1 -1 1 1 0 0 0 5.0317
104 1 4 1 3 1 1 1 3 -1 1 0 0 0 1 3.1880
105 1 8 3 3 1 2 2 3 -1 1 0 0 0 0 1.8940
106 3 7 1 3 1 1 1 1 -1 1 0 0 1 0 2.9883
107 2 9 1 3 2 2 1 3 -1 1 0 0 0 1 2.3834
108 3 7 3 1 2 2 2 1 -1 1 0 0 0 0 3.7611
109 3 5 1 3 2 2 1 2 -1 1 0 0 0 0 1.3403
110 3 1 1 1 1 2 1 3 -1 1 0 0 0 0 1.6185
