Ear: B
Audiogram left  : NA
Audiogram right : NA
# Keys:
# Consonant_ID  : d=1 g=2 l=3 f=4 th=5 jh=6 p=7 sh=8 t=9 
# Vowel_ID      : IH=1 EH=2 AE=3 
# F0_ID         : high_f0=1 low_f0=2 # Columns       : Trial Consonant_1_ID Consonant_2_ID Vowel_ID F0_ID Heard_Consonant Answer_vowel Correct Time_elapsed
1 1 1 2 1 1 2 1 1.0401
2 3 5 3 1 1 3 1 2.0396
3 1 8 3 1 1 2 0 2.8327
4 3 7 3 1 1 2 0 3.4713
5 1 4 2 2 1 2 1 0.5006
6 2 9 2 1 1 2 1 0.3671
7 1 8 1 1 1 1 1 0.2852
8 1 6 1 2 1 1 1 1.1783
9 3 1 1 2 1 1 1 0.3091
10 1 4 1 2 1 1 1 0.4306
11 2 5 1 1 1 1 1 0.1345
12 3 1 2 1 1 2 1 1.4995
13 1 8 2 1 1 2 1 0.0834
14 1 8 2 2 1 2 1 0.2265
15 3 6 3 1 1 3 1 3.1973
16 1 6 2 1 1 2 1 0.3271
17 2 5 3 2 1 2 0 0.0103
18 3 5 1 1 1 1 1 0.0104
19 3 7 1 2 1 1 1 1.4956
20 3 5 2 1 1 2 1 0.1149
21 3 6 1 2 1 1 1 1.3823
22 2 2 2 1 1 2 1 0.7956
23 1 8 3 2 1 3 1 3.4539
24 1 4 3 1 1 2 0 0.1234
25 3 6 2 2 1 2 1 0.0940
26 1 1 1 1 1 2 0 0.9675
27 2 2 2 2 1 2 1 3.3319
28 1 1 2 2 1 2 1 0.1643
29 2 2 1 1 1 1 1 0.4372
30 3 1 1 1 1 1 1 0.0819
31 1 6 3 1 1 3 1 3.9918
32 3 5 1 2 1 1 1 0.0107
33 3 6 2 1 1 2 1 1.0478
34 1 6 2 2 1 2 1 0.0209
35 1 4 2 1 1 2 1 1.9243
36 3 5 3 2 1 2 0 1.1640
37 3 7 1 1 1 1 1 1.0809
38 3 1 3 2 1 3 1 0.7054
39 2 9 2 2 1 2 1 1.0429
40 2 9 3 1 1 3 1 1.2276
41 2 2 3 2 1 3 1 0.2560
42 1 4 1 1 1 1 1 0.3355
43 3 1 2 2 1 2 1 1.8755
44 2 2 1 2 1 1 1 0.3403
45 2 2 3 1 1 3 1 0.2155
46 2 9 1 1 1 1 1 0.8755
47 2 5 1 2 1 1 1 1.0287
48 1 6 1 1 1 1 1 0.2353
49 3 7 2 2 1 1 0 0.5242
50 2 5 2 2 1 2 1 2.8186
51 3 6 3 2 1 3 1 0.2147
52 2 5 2 1 1 2 1 0.2274
53 3 7 3 2 1 2 0 0.4083
54 1 1 1 2 1 2 0 1.1306
55 1 1 3 1 1 3 1 0.5055
56 1 6 3 2 1 3 1 1.7731
57 3 5 2 2 1 1 0 0.9257
58 1 4 3 2 1 2 0 0.7872
59 1 8 1 2 1 1 1 0.1704
60 3 1 3 1 1 2 0 0.8843
61 1 1 3 2 1 3 1 4.5800
62 2 9 1 2 1 1 1 0.0834
63 2 5 3 1 1 3 1 0.1759
64 2 9 3 2 1 3 1 0.0419
65 3 6 1 1 1 1 1 1.0375
66 3 7 2 1 1 1 0 0.1553
