Ear: B
Audiogram left  : NA
Audiogram right : NA
# Keys:
# Consonant_ID  : d=1 g=2 l=3 f=4 th=5 jh=6 p=7 sh=8 t=9 
# Vowel_ID      : IH=1 EH=2 AE=3 
# F0_ID         : high_f0=1 low_f0=2 
# Columns       : Trial Con1 Con2 V1 V2 F01 F02 Ans1V Ans2V Ans3V Ans1C Ans2C Ans3C OneType BothOK RT
1 2 2 3 1 1 2 1 3 -1 1 1 0 0 1 4.8844
2 2 2 1 3 1 1 1 3 -1 1 1 0 0 1 1.5575
3 1 1 1 3 2 2 1 3 -1 1 1 0 0 1 1.2609
4 1 1 3 1 1 2 1 3 -1 1 1 0 0 1 2.2519
5 1 6 3 1 2 2 1 3 -1 1 1 0 0 1 4.8497
6 2 2 3 1 1 1 1 3 -1 1 1 0 0 1 2.3353
7 1 1 1 3 1 1 1 3 -1 1 1 0 0 1 1.8901
8 1 1 3 1 2 2 1 3 -1 1 1 0 0 1 1.2938
9 2 2 1 1 1 2 1 1 -1 1 0 0 1 1 6.6367
10 3 1 1 3 1 1 1 3 -1 1 0 0 0 1 1.4672
11 2 9 3 1 1 2 1 3 -1 1 0 0 0 1 0.9352
12 1 4 2 2 2 2 2 -1 -1 1 0 0 1 1 0.4018
13 1 8 1 1 1 2 1 -1 -1 1 0 0 1 1 0.9394
14 1 4 2 2 1 2 2 -1 -1 1 0 0 1 1 0.6641
15 1 6 1 3 1 2 1 3 -1 1 1 0 0 1 1.3461
16 2 9 3 1 2 2 1 3 -1 1 1 0 0 1 1.2915
17 2 9 1 3 1 2 1 3 -1 1 1 0 0 1 2.4034
18 3 5 1 3 1 2 1 3 -1 1 1 0 0 1 1.0871
19 3 7 1 1 1 2 1 3 -1 1 1 0 0 0 3.6429
20 3 5 1 3 1 1 1 3 -1 1 1 0 0 1 1.6219
21 1 4 3 3 1 2 2 3 -1 1 1 0 0 0 3.5597
22 3 6 3 3 1 1 3 -1 -1 1 0 0 1 1 0.9073
23 1 4 3 1 1 1 1 2 -1 1 1 0 0 0 1.5980
24 2 5 1 3 1 2 1 3 -1 1 1 0 0 1 1.0290
25 2 2 1 3 1 2 1 3 -1 1 1 0 0 1 1.9246
26 3 6 1 3 1 1 1 3 -1 1 1 0 0 1 6.8259
27 1 6 3 3 1 2 3 1 -1 1 1 0 0 0 3.1254
28 3 1 1 3 1 2 1 3 -1 1 1 0 0 1 2.9147
29 2 2 1 3 2 2 1 3 -1 1 1 0 0 1 3.1869
30 1 6 1 3 2 2 1 3 -1 1 1 0 0 1 2.1270
31 1 8 1 3 1 1 1 3 -1 1 1 0 0 1 1.4252
32 3 1 3 1 2 2 1 3 -1 1 1 0 0 1 3.7998
33 2 2 3 3 1 2 3 3 -1 1 0 0 1 1 4.8268
34 3 7 1 1 2 2 1 -1 -1 1 0 0 1 1 0.6930
35 3 5 1 1 1 2 1 1 -1 1 0 0 1 1 1.9909
36 2 5 2 2 1 2 2 2 -1 1 0 0 1 1 5.3508
37 2 9 1 3 1 1 1 3 -1 1 0 0 0 1 4.3358
38 2 5 1 1 1 2 1 1 -1 1 0 0 1 1 1.6628
39 2 9 2 2 1 2 2 2 -1 1 0 0 1 1 1.6566
40 1 4 3 1 2 2 1 3 -1 1 0 0 0 1 2.9324
41 3 7 3 1 1 2 3 1 -1 1 0 0 0 1 8.2063
42 3 1 2 2 2 2 2 -1 -1 1 0 0 1 1 2.7868
43 1 6 2 2 1 2 2 2 -1 1 0 0 1 1 3.8160
44 3 7 3 3 1 2 3 3 -1 1 0 0 1 1 5.3155
45 2 9 1 1 2 2 1 -1 -1 1 0 0 1 1 1.5915
46 1 8 1 3 2 2 1 2 -1 1 0 0 0 0 3.1131
47 2 5 1 3 2 2 1 3 -1 1 0 0 0 1 1.7165
48 1 8 3 1 2 2 1 2 -1 1 0 0 0 0 1.1703
49 3 6 1 3 1 2 1 2 -1 1 0 0 0 0 2.2079
50 3 7 1 3 1 2 3 1 -1 1 0 0 0 1 4.9895
51 1 1 1 3 1 2 3 1 -1 1 0 0 0 1 2.9400
52 3 5 3 1 1 2 1 1 -1 1 0 0 1 0 2.5484
53 3 1 1 1 1 1 1 1 -1 1 0 0 1 1 7.7203
54 3 5 3 3 1 2 3 -1 -1 1 0 0 1 1 3.7102
55 2 5 3 1 1 1 1 3 -1 1 1 0 0 1 1.8203
56 3 1 3 3 1 2 3 3 -1 1 0 0 1 1 3.3700
57 2 5 3 3 1 2 3 3 -1 1 0 0 1 1 0.7794
58 2 9 1 1 1 2 1 1 -1 1 0 0 1 1 1.9105
59 1 1 3 3 1 2 3 3 -1 1 0 0 1 1 2.0514
60 2 2 2 2 1 2 2 2 -1 1 0 0 1 1 3.3490
61 3 1 2 2 1 2 2 3 -1 1 0 0 0 0 4.2697
62 3 1 3 1 1 2 1 3 -1 1 0 0 0 1 2.0859
63 3 7 3 1 1 1 1 3 -1 0 1 0 0 1 3.0647
64 3 5 3 1 1 1 1 1 -1 1 0 0 1 0 2.6146
65 3 6 1 3 2 2 1 3 -1 1 0 0 0 1 1.0822
66 3 7 2 2 1 2 2 2 -1 1 0 0 1 1 4.3363
67 1 6 1 1 1 2 1 1 -1 1 0 0 1 1 1.9238
68 1 4 3 1 1 2 1 2 -1 1 0 0 0 0 1.0766
69 3 6 3 1 1 1 1 3 -1 1 1 0 0 1 2.5358
70 3 6 1 1 2 2 1 1 -1 1 0 0 1 1 2.1170
71 2 5 3 1 1 2 1 3 -1 1 0 0 0 1 1.4164
72 3 5 2 2 1 2 2 1 -1 1 0 0 0 0 5.6187
73 1 6 1 3 1 1 1 3 -1 1 1 0 0 1 2.2523
74 2 2 3 1 2 2 1 2 -1 1 0 0 0 0 1.6853
75 3 6 3 1 2 2 1 2 -1 1 0 0 0 0 1.7711
76 3 1 3 1 1 1 1 3 -1 1 0 0 0 1 1.1321
77 1 1 1 1 1 2 2 1 -1 1 0 0 0 0 1.8148
78 1 1 3 1 1 1 2 3 -1 1 0 0 0 0 2.4710
79 3 7 1 3 2 2 1 2 -1 1 0 0 0 0 2.8975
80 3 5 3 1 2 2 1 2 -1 1 0 0 0 0 1.8674
81 3 6 2 2 1 2 2 2 -1 1 0 0 1 1 2.4361
82 1 4 1 3 1 2 2 1 -1 1 1 0 0 0 1.4973
83 3 6 2 2 2 2 2 2 -1 1 0 0 1 1 2.6168
84 1 4 1 1 1 2 1 -1 -1 1 0 0 1 1 0.4524
85 3 1 1 3 2 2 3 1 -1 1 0 0 0 1 9.7309
86 3 6 3 1 1 2 2 3 -1 1 0 0 0 0 4.3762
87 2 2 1 1 1 1 1 -1 -1 1 0 0 1 1 0.8129
88 1 1 3 3 1 1 3 -1 -1 1 0 0 1 1 4.8156
89 2 9 3 3 1 2 3 3 -1 1 0 0 1 1 5.8734
90 1 8 2 2 1 2 2 -1 -1 1 0 0 1 1 0.7459
91 2 2 3 3 1 1 2 -1 -1 1 0 0 1 0 0.6651
92 2 5 3 1 2 2 1 3 -1 1 0 0 0 1 2.2374
93 2 5 1 3 1 1 1 2 -1 1 0 0 0 0 2.2396
94 3 6 1 1 1 2 1 1 -1 1 0 0 1 1 2.5521
95 1 8 1 3 1 2 1 2 -1 1 0 0 0 0 2.9313
96 1 1 2 2 1 2 2 2 -1 1 0 0 1 1 3.9603
97 2 9 3 1 1 1 1 2 -1 1 0 0 0 0 4.7626
98 1 6 3 1 1 1 1 2 -1 1 0 0 0 0 0.9822
99 1 8 3 1 1 1 2 1 -1 0 1 0 0 0 2.4904
100 3 6 3 3 1 2 3 3 -1 0 1 0 1 1 5.2431
101 1 8 3 1 1 2 1 3 -1 1 0 0 0 1 1.2454
102 1 4 1 3 2 2 1 2 -1 1 0 0 0 0 1.2722
103 1 6 3 1 1 2 1 3 -1 1 1 0 0 1 2.7997
104 1 4 1 3 1 1 1 2 -1 1 0 0 0 0 2.0678
105 1 8 3 3 1 2 2 2 3 1 0 0 0 0 8.4683
106 3 7 1 3 1 1 3 1 -1 1 0 0 0 1 4.7402
107 2 9 1 3 2 2 1 3 -1 1 1 0 0 1 1.3151
108 3 7 3 1 2 2 1 3 -1 0 1 0 0 1 10.7429
109 3 5 1 3 2 2 1 3 -1 1 1 0 0 1 5.1565
110 3 1 1 1 1 2 1 1 -1 1 0 0 1 1 12.2162
