Ear: B
Audiogram left  : NA
Audiogram right : NA
# Keys:
# Consonant_ID  : d=1 g=2 l=3 f=4 th=5 jh=6 p=7 sh=8 t=9 
# Vowel_ID      : IH=1 EH=2 AE=3 
# F0_ID         : high_f0=1 low_f0=2 
# Columns       : Trial Con1 Con2 V1 V2 F01 F02 Ans1V Ans2V Ans3V Ans1C Ans2C Ans3C OneType BothOK RT
1 2 2 3 1 1 2 1 2 -1 1 0 0 0 0 2.1333
2 2 2 1 3 1 1 1 2 -1 1 0 0 0 0 3.0859
3 1 1 1 3 2 2 3 2 -1 1 1 0 0 0 1.7799
4 1 1 3 1 1 2 1 2 -1 1 0 0 0 0 3.6731
5 1 6 3 1 2 2 1 2 -1 1 0 0 0 0 1.2276
6 2 2 3 1 1 1 1 2 -1 1 0 0 0 0 1.6701
7 1 1 1 3 1 1 3 1 -1 1 0 0 0 1 3.2112
8 1 1 3 1 2 2 3 1 -1 1 1 0 0 1 6.0096
9 2 2 1 1 1 2 1 1 -1 1 0 0 1 1 1.4741
10 3 1 1 3 1 1 3 1 -1 1 0 0 0 1 7.8162
11 2 9 3 1 1 2 1 3 -1 1 1 0 0 1 2.0591
12 1 4 2 2 2 2 2 -1 -1 1 0 0 1 1 0.3597
13 1 8 1 1 1 2 1 -1 -1 1 0 0 1 1 1.1322
14 1 4 2 2 1 2 2 -1 -1 1 0 0 1 1 0.4489
15 1 6 1 3 1 2 1 3 -1 1 1 0 0 1 2.0753
16 2 9 3 1 2 2 1 3 -1 1 1 0 0 1 3.3159
17 2 9 1 3 1 2 1 2 -1 1 1 0 0 0 2.6534
18 3 5 1 3 1 2 1 2 -1 1 1 0 0 0 1.7554
19 3 7 1 1 1 2 1 1 -1 1 0 0 1 1 6.1685
20 3 5 1 3 1 1 2 1 -1 1 0 0 0 0 1.3356
21 1 4 3 3 1 2 2 2 -1 1 0 0 1 0 2.3409
22 3 6 3 3 1 1 3 -1 -1 1 0 0 1 1 0.7660
23 1 4 3 1 1 1 2 1 -1 1 0 0 0 0 4.7456
24 2 5 1 3 1 2 2 1 -1 1 1 0 0 0 2.6751
25 2 2 1 3 1 2 1 3 -1 0 1 0 0 1 9.3034
26 3 6 1 3 1 1 1 3 -1 1 1 0 0 1 2.5567
27 1 6 3 3 1 2 3 -1 -1 1 0 0 1 1 0.6222
28 3 1 1 3 1 2 3 1 -1 1 1 0 0 1 2.8545
29 2 2 1 3 2 2 1 3 -1 1 1 0 0 1 1.9559
30 1 6 1 3 2 2 1 -1 -1 1 0 0 1 0 2.9533
31 1 8 1 3 1 1 3 1 -1 1 0 0 0 1 6.7343
32 3 1 3 1 2 2 1 2 -1 1 0 0 0 0 1.7418
33 2 2 3 3 1 2 3 2 -1 1 0 0 0 0 1.7809
34 3 7 1 1 2 2 1 1 -1 1 0 0 1 1 4.3135
35 3 5 1 1 1 2 1 1 -1 1 0 0 1 1 5.9031
36 2 5 2 2 1 2 2 2 -1 1 0 0 1 1 1.4064
37 2 9 1 3 1 1 1 2 -1 1 0 0 0 0 1.8289
38 2 5 1 1 1 2 1 1 -1 1 0 0 1 1 1.5228
39 2 9 2 2 1 2 2 2 -1 1 0 0 1 1 1.1090
40 1 4 3 1 2 2 1 2 -1 1 0 0 0 0 1.0923
41 3 7 3 1 1 2 1 2 -1 1 0 0 0 0 4.2863
42 3 1 2 2 2 2 2 -1 -1 1 0 0 1 1 1.2314
43 1 6 2 2 1 2 2 -1 -1 1 0 0 1 1 0.5115
44 3 7 3 3 1 2 3 3 -1 1 0 0 1 1 1.7025
45 2 9 1 1 2 2 1 1 -1 1 0 0 1 1 4.2780
46 1 8 1 3 2 2 1 3 -1 1 0 0 0 1 1.0101
47 2 5 1 3 2 2 2 1 -1 1 1 0 0 0 1.7927
48 1 8 3 1 2 2 1 3 -1 1 1 0 0 1 1.7816
49 3 6 1 3 1 2 1 3 -1 1 0 0 0 1 1.2324
50 3 7 1 3 1 2 3 1 -1 1 0 0 0 1 2.0661
51 1 1 1 3 1 2 3 1 -1 1 0 0 0 1 4.0174
52 3 5 3 1 1 2 1 3 -1 1 0 0 0 1 4.2990
53 3 1 1 1 1 1 1 1 -1 1 0 0 1 1 2.7106
54 3 5 3 3 1 2 3 3 -1 1 0 0 1 1 1.2022
55 2 5 3 1 1 1 1 3 -1 1 1 0 0 1 1.4596
56 3 1 3 3 1 2 3 3 -1 1 0 0 1 1 1.8176
57 2 5 3 3 1 2 3 3 -1 1 0 0 1 1 1.2458
58 2 9 1 1 1 2 1 1 -1 1 0 0 1 1 1.1029
59 1 1 3 3 1 2 3 2 -1 1 0 0 0 0 4.2676
60 2 2 2 2 1 2 2 2 -1 1 0 0 1 1 2.5830
61 3 1 2 2 1 2 2 3 -1 1 1 0 0 0 1.4676
62 3 1 3 1 1 2 1 1 -1 1 0 0 1 0 2.4305
63 3 7 3 1 1 1 1 1 -1 1 0 0 1 0 1.2544
64 3 5 3 1 1 1 1 3 -1 1 1 0 0 1 4.1312
65 3 6 1 3 2 2 1 1 -1 1 0 0 1 0 4.4698
66 3 7 2 2 1 2 2 2 -1 1 0 0 1 1 2.1099
67 1 6 1 1 1 2 1 1 -1 1 0 0 1 1 0.9600
68 1 4 3 1 1 2 1 2 -1 1 1 0 0 0 2.0289
69 3 6 3 1 1 1 1 3 -1 1 0 0 0 1 1.1696
70 3 6 1 1 2 2 1 -1 -1 1 0 0 1 1 0.6328
71 2 5 3 1 1 2 1 3 -1 1 0 0 0 1 1.4349
72 3 5 2 2 1 2 2 1 -1 1 0 0 0 0 5.3281
73 1 6 1 3 1 1 1 3 -1 1 1 0 0 1 1.5610
74 2 2 3 1 2 2 1 2 -1 1 1 0 0 0 1.7480
75 3 6 3 1 2 2 1 1 -1 1 0 0 1 0 3.7131
76 3 1 3 1 1 1 1 1 -1 1 0 0 1 0 2.5295
77 1 1 1 1 1 2 1 1 -1 1 0 0 1 1 0.9868
78 1 1 3 1 1 1 1 3 -1 1 0 0 0 1 2.1856
79 3 7 1 3 2 2 1 1 -1 1 0 0 1 0 1.0168
80 3 5 3 1 2 2 1 1 -1 0 1 0 1 0 2.0678
81 3 6 2 2 1 2 2 2 -1 1 0 0 1 1 2.8292
82 1 4 1 3 1 2 1 2 -1 1 0 0 0 0 1.4075
83 3 6 2 2 2 2 2 -1 -1 1 0 0 1 1 0.4595
84 1 4 1 1 1 2 1 -1 -1 1 0 0 1 1 0.4466
85 3 1 1 3 2 2 3 1 -1 1 0 0 0 1 9.2382
86 3 6 3 1 1 2 1 2 -1 1 0 0 0 0 2.2416
87 2 2 1 1 1 1 1 -1 -1 1 0 0 1 1 1.8533
88 1 1 3 3 1 1 3 -1 -1 1 0 0 1 1 3.6331
89 2 9 3 3 1 2 3 -1 -1 1 0 0 1 1 1.4433
90 1 8 2 2 1 2 2 -1 -1 1 0 0 1 1 1.6426
91 2 2 3 3 1 1 2 -1 -1 1 0 0 1 0 1.3276
92 2 5 3 1 2 2 1 -1 -1 1 0 0 1 0 0.5601
93 2 5 1 3 1 1 1 -1 -1 1 0 0 1 0 0.4510
94 3 6 1 1 1 2 1 -1 -1 1 0 0 1 1 0.4881
95 1 8 1 3 1 2 1 2 -1 1 0 0 0 0 1.1502
96 1 1 2 2 1 2 2 -1 -1 1 0 0 1 1 0.5518
97 2 9 3 1 1 1 1 3 -1 1 0 0 0 1 5.7646
98 1 6 3 1 1 1 1 3 -1 1 0 0 0 1 0.8540
99 1 8 3 1 1 1 1 3 -1 1 0 0 0 1 2.2733
100 3 6 3 3 1 2 3 3 -1 1 0 0 1 1 6.2215
101 1 8 3 1 1 2 1 3 -1 1 0 0 0 1 3.0700
102 1 4 1 3 2 2 1 3 -1 1 0 0 0 1 1.0036
103 1 6 3 1 1 2 1 3 -1 1 1 0 0 1 1.6441
104 1 4 1 3 1 1 1 3 -1 1 1 0 0 1 1.7573
105 1 8 3 3 1 2 2 3 -1 1 0 0 0 0 2.7903
106 3 7 1 3 1 1 3 1 -1 1 0 0 0 1 8.2454
107 2 9 1 3 2 2 1 3 -1 1 1 0 0 1 1.3104
108 3 7 3 1 2 2 1 3 -1 1 0 0 0 1 2.4215
109 3 5 1 3 2 2 1 3 -1 1 1 0 0 1 4.8189
110 3 1 1 1 1 2 1 1 -1 1 0 0 1 1 2.3860
