Ear: B
Audiogram left  : NA
Audiogram right : NA
# Keys:
# Consonant_ID  : d=1 g=2 l=3 f=4 th=5 jh=6 p=7 sh=8 t=9 
# Vowel_ID      : IH=1 EH=2 AE=3 
# F0_ID         : high_f0=1 low_f0=2 
# Columns       : Trial Con1 Con2 V1 V2 F01 F02 Ans1V Ans2V Ans3V Ans1C Ans2C Ans3C OneType BothOK RT
1 2 2 3 1 1 2 1 -1 -1 1 0 0 1 0 3.2899
2 2 2 1 3 1 1 2 -1 -1 1 0 0 1 0 1.5580
3 1 1 1 3 2 2 3 -1 -1 1 0 0 1 0 0.6488
4 1 1 3 1 1 2 1 -1 -1 1 0 0 1 0 0.6813
5 1 6 3 1 2 2 1 -1 -1 1 0 0 1 0 1.4264
6 2 2 3 1 1 1 1 -1 -1 1 0 0 1 0 2.5881
7 1 1 1 3 1 1 3 -1 -1 1 0 0 1 0 2.9497
8 1 1 3 1 2 2 1 -1 -1 1 0 0 1 0 0.5539
9 2 2 1 1 1 2 1 -1 -1 1 0 0 1 1 0.8482
10 3 1 1 3 1 1 3 -1 -1 1 0 0 1 0 0.4461
11 2 9 3 1 1 2 1 -1 -1 1 0 0 1 0 0.6185
12 1 4 2 2 2 2 2 -1 -1 1 0 0 1 1 5.6513
13 1 8 1 1 1 2 1 -1 -1 1 0 0 1 1 1.7129
14 1 4 2 2 1 2 2 -1 -1 1 0 0 1 1 1.0135
15 1 6 1 3 1 2 3 -1 -1 1 0 0 1 0 1.8169
16 2 9 3 1 2 2 1 -1 -1 1 0 0 1 0 1.3451
17 2 9 1 3 1 2 3 -1 -1 1 0 0 1 0 2.1846
18 3 5 1 3 1 2 3 -1 -1 1 0 0 1 0 0.5046
19 3 7 1 1 1 2 1 -1 -1 1 0 0 1 1 0.4619
20 3 5 1 3 1 1 2 -1 -1 1 0 0 1 0 1.0624
21 1 4 3 3 1 2 2 -1 -1 1 0 0 1 0 0.8862
22 3 6 3 3 1 1 3 -1 -1 1 0 0 1 1 1.1836
23 1 4 3 1 1 1 1 -1 -1 1 0 0 1 0 0.4902
24 2 5 1 3 1 2 3 -1 -1 1 0 0 1 0 7.3297
25 2 2 1 3 1 2 3 -1 -1 1 0 0 1 0 1.2533
26 3 6 1 3 1 1 3 -1 -1 1 0 0 1 0 0.4804
27 1 6 3 3 1 2 3 3 -1 1 0 0 1 1 97.9998
28 3 1 1 3 1 2 3 -1 -1 0 0 0 1 0 65.1668
