Ear: R
Audiogram left  : NA
Audiogram right : NA
# Keys:
# Consonant_ID  : d=1 g=2 l=3 f=4 th=5 jh=6 p=7 sh=8 t=9 
# Vowel_ID      : IH=1 EH=2 AE=3 
# F0_ID         : high_f0=1 low_f0=2 # Columns       : Trial Consonant_1_ID Consonant_2_ID Vowel_ID F0_ID Heard_Consonant Answer_vowel Correct Time_elapsed
1 1 8 2 1 1 2 1 1.1169
2 2 9 1 2 1 1 1 4.0902
3 3 5 3 2 1 2 0 5.2603
4 2 2 3 1 1 3 1 2.2160
5 1 1 3 2 1 3 1 0.3457
6 2 2 2 2 1 2 1 0.9795
7 3 6 2 1 1 2 1 0.5018
8 2 5 1 2 1 1 1 0.0417
9 3 6 3 2 1 3 1 4.1244
10 3 7 3 1 1 3 1 2.5605
11 2 2 1 2 1 1 1 0.8019
12 3 6 3 1 1 3 1 0.3381
13 3 6 2 2 1 2 1 0.6832
14 2 9 3 1 1 3 1 0.1944
15 2 9 3 2 1 3 1 0.4651
16 3 7 2 2 1 1 0 2.3483
17 1 6 3 2 1 3 1 1.4075
18 2 9 2 1 1 2 1 0.2449
19 1 6 1 2 1 1 1 0.3595
20 3 7 2 1 1 1 0 0.7324
21 1 1 1 2 1 1 1 0.7057
22 3 1 1 1 1 1 1 0.4284
23 1 8 2 2 1 3 0 2.2360
24 3 5 1 2 1 1 1 1.9132
25 3 6 1 1 1 1 1 0.0922
26 1 1 2 2 1 2 1 0.0953
27 2 9 1 1 1 1 1 0.6984
28 3 1 3 1 1 3 1 0.0521
29 2 5 1 1 1 1 1 0.6823
30 1 6 1 1 1 1 1 0.2906
31 1 4 1 1 1 1 1 0.2264
32 3 7 3 2 1 3 1 0.7038
33 1 4 3 2 1 3 1 0.8943
34 3 7 1 1 1 1 1 0.5419
35 1 4 2 2 1 2 1 1.2731
36 3 5 2 2 1 1 0 0.6523
37 1 1 3 1 1 2 0 1.5553
38 3 6 1 2 1 1 1 1.3446
39 2 2 3 2 1 2 0 0.8558
40 1 8 1 2 1 1 1 0.0312
41 1 4 1 2 1 1 1 0.7284
42 1 8 1 1 1 1 1 1.1766
43 3 1 3 2 1 3 1 0.2839
44 1 6 2 2 1 2 1 0.5476
45 3 5 2 1 1 1 0 0.5842
46 2 5 2 2 1 2 1 1.3191
47 1 8 3 2 1 3 1 1.3783
48 3 5 1 1 1 1 1 0.5710
49 2 9 2 2 1 2 1 0.0611
50 3 1 2 1 1 2 1 0.8147
51 1 6 3 1 1 3 1 0.7044
52 1 4 3 1 1 2 0 0.7386
53 2 5 2 1 1 2 1 0.6434
54 1 1 2 1 1 2 1 0.7648
55 2 5 3 1 1 3 1 0.5646
56 2 2 1 1 1 1 1 1.0418
57 1 1 1 1 1 1 1 0.2646
58 3 1 1 2 1 1 1 1.3032
59 1 8 3 1 1 2 0 0.2468
60 2 2 2 1 1 2 1 2.5749
61 2 5 3 2 1 3 1 0.8177
62 3 7 1 2 1 1 1 0.5605
63 3 1 2 2 1 2 1 0.7573
64 1 4 2 1 1 2 1 0.2841
65 3 5 3 1 1 3 1 0.1573
66 1 6 2 1 1 2 1 0.0727
