Ear: B
Audiogram left  : NA
Audiogram right : NA
# Keys:
# Consonant_ID  : d=1 g=2 l=3 f=4 th=5 jh=6 p=7 sh=8 t=9 
# Vowel_ID      : IH=1 EH=2 AE=3 
# F0_ID         : high_f0=1 low_f0=2 
# Columns       : Trial Con1 Con2 V1 V2 F01 F02 Ans1V Ans2V Ans3V Ans1C Ans2C Ans3C OneType BothOK RT
1 1 4 2 2 1 2 2 -1 -1 1 0 0 1 1 6.3468
2 1 1 1 3 1 2 2 3 -1 1 1 0 0 0 3.4417
3 1 6 1 3 1 1 1 3 -1 1 1 0 0 1 3.8010
4 2 2 1 3 2 2 1 3 -1 1 1 0 0 1 2.8279
5 3 5 1 1 2 2 1 -1 -1 1 0 0 1 1 1.8751
6 1 8 2 2 1 2 2 -1 -1 1 0 0 1 1 2.5049
7 2 5 1 3 1 1 1 3 -1 1 1 0 0 1 4.9961
8 3 6 2 2 1 2 1 2 -1 0 1 0 0 0 5.4034
9 2 5 1 3 1 2 1 3 -1 1 1 0 0 1 11.2863
10 2 9 3 1 1 1 1 1 -1 1 0 0 1 0 8.4306
11 3 5 3 1 1 1 1 3 -1 1 1 0 0 1 10.3421
12 1 6 3 3 2 2 3 -1 -1 1 0 0 1 1 1.7384
13 3 7 3 1 1 2 1 1 -1 1 0 0 1 0 2.4366
14 1 6 1 3 1 2 1 3 -1 1 1 0 0 1 2.1065
15 1 6 3 1 2 2 1 3 -1 1 0 0 0 1 5.5333
16 1 1 1 1 2 2 1 -1 -1 1 0 0 1 1 1.3865
17 1 4 1 1 1 2 1 -1 -1 1 0 0 1 1 2.5354
18 1 4 3 3 1 2 3 2 -1 1 1 0 0 0 4.6891
19 2 5 3 1 2 2 1 3 -1 1 0 0 0 1 9.3600
20 2 2 2 2 1 2 2 -1 -1 1 0 0 1 1 5.1428
21 2 5 3 3 2 2 3 -1 -1 1 0 0 1 1 1.9765
22 3 6 3 3 1 2 3 3 -1 1 0 0 1 1 6.2842
23 2 2 1 3 1 2 1 1 -1 1 0 0 1 0 5.1690
24 2 5 3 3 1 2 3 2 -1 1 1 0 0 0 6.7738
25 2 9 1 1 1 2 1 2 -1 1 1 0 0 0 7.5177
26 3 6 3 1 1 2 1 3 -1 1 0 0 0 1 4.4568
27 2 5 1 3 2 2 1 3 -1 1 0 0 0 1 6.3931
28 3 6 1 3 1 2 1 3 -1 1 0 0 0 1 5.8090
29 1 8 1 3 1 1 3 1 -1 0 1 0 0 1 6.2356
30 2 5 2 2 1 2 1 2 -1 1 0 0 0 0 13.3237
31 1 4 1 3 1 1 1 3 -1 1 0 0 0 1 6.5115
32 1 1 3 1 1 2 2 1 -1 0 1 0 0 0 2.3924
33 2 5 1 1 1 2 1 1 -1 1 0 0 1 1 6.6515
34 3 5 1 3 1 2 3 1 -1 0 1 0 0 1 5.5740
35 3 6 1 1 1 2 1 1 -1 1 0 0 1 1 2.3721
36 1 8 3 3 1 2 3 2 -1 1 0 0 0 0 7.1862
37 1 1 3 3 2 2 3 -1 -1 1 0 0 1 1 1.0760
38 1 8 1 3 2 2 1 3 -1 1 0 0 0 1 4.7148
39 2 9 1 3 1 1 1 3 -1 1 0 0 0 1 5.7807
40 2 2 3 1 1 1 1 1 -1 1 0 0 1 0 16.9065
41 3 1 3 3 1 2 3 3 -1 1 0 0 1 1 6.1152
42 1 4 3 1 2 2 1 3 -1 1 0 0 0 1 3.8068
43 3 7 3 3 1 2 3 3 -1 1 0 0 1 1 5.3488
44 1 4 1 3 2 2 1 3 -1 1 0 0 0 1 4.1458
45 3 1 2 2 1 2 2 2 -1 1 0 0 1 1 3.4970
46 2 2 1 1 1 2 1 1 -1 1 0 0 1 1 19.0527
47 2 9 1 3 2 2 2 3 -1 1 1 0 0 0 3.0733
48 1 1 1 1 1 2 1 1 -1 1 0 0 1 1 5.0721
49 1 8 3 1 1 1 3 1 -1 0 1 0 0 1 11.2647
50 3 1 1 3 1 2 1 3 -1 1 1 0 0 1 4.3838
51 2 5 3 1 1 1 1 3 -1 1 0 0 0 1 8.0585
52 1 4 1 3 1 2 1 3 -1 1 0 0 0 1 8.2849
53 2 2 3 1 1 2 1 3 -1 1 1 0 0 1 8.5040
54 1 4 3 1 1 1 1 3 -1 1 1 0 0 1 9.3312
55 3 6 3 1 1 1 1 3 -1 1 0 0 0 1 5.2531
56 3 5 3 3 2 2 3 -1 -1 1 0 0 1 1 7.1700
57 2 9 1 3 1 2 1 3 -1 1 0 0 0 1 4.3382
58 1 6 1 3 2 2 1 3 -1 1 0 0 0 1 3.3462
59 1 6 3 1 1 1 1 2 -1 1 0 0 0 0 11.4707
60 3 7 1 3 2 2 3 1 -1 0 1 0 0 1 4.1857
61 3 6 3 1 2 2 1 3 -1 1 0 0 0 1 8.3858
62 1 6 1 1 1 2 1 1 -1 1 0 0 1 1 2.4622
63 1 4 3 1 1 2 1 3 -1 1 0 0 0 1 3.8095
64 3 5 3 1 2 2 3 1 -1 0 1 0 0 1 2.9975
65 2 5 3 3 1 1 2 -1 -1 1 0 0 1 0 3.0945
66 1 1 2 2 1 2 2 2 -1 1 0 0 1 1 6.9504
67 1 6 2 2 1 2 2 2 -1 1 0 0 1 1 3.7853
68 3 7 2 2 1 2 2 2 -1 1 0 0 1 1 3.5292
69 1 1 3 1 1 1 3 1 -1 0 1 0 0 1 5.0029
70 3 5 3 3 1 2 3 2 -1 1 1 0 0 0 9.4581
71 3 5 1 1 1 2 1 1 -1 1 0 0 1 1 3.2328
72 1 1 2 2 1 1 2 -1 -1 1 0 0 1 1 0.7873
73 3 7 1 3 1 1 1 2 -1 1 0 0 0 0 3.3267
74 3 1 1 3 2 2 1 3 -1 1 0 0 0 1 5.7964
75 1 6 3 3 1 2 3 3 -1 1 0 0 1 1 3.6828
76 1 1 3 1 2 2 1 1 -1 1 0 0 1 0 2.8929
77 1 8 3 1 1 2 1 3 -1 1 0 0 0 1 5.4267
78 2 9 3 1 2 2 1 3 -1 1 0 0 0 1 7.5696
79 3 5 1 3 2 2 1 3 -1 1 0 0 0 1 6.2878
80 1 4 1 1 1 1 1 -1 -1 1 0 0 1 1 1.3808
81 1 1 1 3 1 1 1 3 -1 1 0 0 0 1 3.7919
82 1 8 1 1 1 2 1 -1 -1 1 0 0 1 1 0.9288
83 1 8 3 1 2 2 1 3 -1 1 0 0 0 1 2.8531
84 3 7 1 3 1 2 1 3 -1 1 1 0 0 1 7.8287
85 3 1 1 3 1 1 1 3 -1 1 0 0 0 1 6.8019
86 3 1 1 1 1 2 1 1 -1 1 0 0 1 1 4.7576
87 3 5 1 3 1 1 1 3 -1 1 0 0 0 1 5.3806
88 3 1 3 1 2 2 1 3 -1 1 0 0 0 1 4.1293
89 1 8 1 3 1 2 1 3 -1 1 0 0 0 1 2.9771
90 3 7 1 1 1 2 1 1 -1 1 0 0 1 1 2.5893
91 2 9 3 3 1 2 3 3 -1 1 0 0 1 1 5.7161
92 3 6 1 3 1 1 1 3 -1 1 0 0 0 1 3.9271
93 2 2 3 3 1 2 2 2 -1 1 0 0 1 0 2.8706
94 3 5 2 2 1 2 2 2 -1 1 0 0 1 1 7.0947
95 1 1 3 3 1 2 3 3 -1 1 0 0 1 1 3.2441
96 2 2 1 3 1 1 1 3 -1 1 0 0 0 1 6.2912
97 3 1 3 1 1 2 1 1 -1 1 0 0 1 0 3.5737
98 3 7 3 1 2 2 3 1 -1 1 0 0 0 1 10.8462
99 2 2 3 1 2 2 1 3 -1 1 0 0 0 1 9.8390
100 2 9 2 2 1 2 2 2 -1 1 0 0 1 1 3.1325
101 1 1 1 3 2 2 1 3 -1 1 0 0 0 1 4.2449
102 2 9 3 1 1 2 1 3 -1 1 0 0 0 1 9.1744
103 3 6 1 3 2 2 1 3 -1 1 0 0 0 1 3.5009
104 2 5 3 1 1 2 1 3 -1 1 0 0 0 1 10.8530
105 3 1 3 1 1 1 1 3 -1 1 0 0 0 1 7.1967
106 2 2 1 1 2 2 1 -1 -1 1 0 0 1 1 9.0041
107 3 7 3 1 1 1 1 3 -1 1 0 0 0 1 5.3751
108 3 6 1 1 1 1 1 -1 -1 1 0 0 1 1 3.6270
109 1 6 3 1 1 2 1 3 -1 1 1 0 0 1 6.8535
110 3 5 3 1 1 2 1 3 -1 1 1 0 0 1 4.5928
