Ear: B
Audiogram left  : NA
Audiogram right : NA
# Keys:
# Consonant_ID  : d=1 g=2 l=3 f=4 th=5 jh=6 p=7 sh=8 t=9 
# Vowel_ID      : IH=1 EH=2 AE=3 
# F0_ID         : high_f0=1 low_f0=2 
# Columns       : Trial Con1 Con2 V1 V2 F01 F02 Ans1V Ans2V Ans3V Ans1C Ans2C Ans3C OneType BothOK RT
1 1 4 2 2 1 2 2 -1 -1 1 0 0 1 1 10.4553
2 1 1 1 3 1 2 1 3 -1 1 0 0 0 1 4.1973
3 1 6 1 3 1 1 1 3 -1 1 0 0 0 1 3.1900
4 2 2 1 3 2 2 1 3 -1 1 0 0 0 1 5.8766
5 3 5 1 1 2 2 1 -1 -1 1 0 0 1 1 0.4924
6 1 8 2 2 1 2 2 -1 -1 1 0 0 1 1 4.4478
7 2 5 1 3 1 1 1 3 -1 1 0 0 0 1 5.2349
8 3 6 2 2 1 2 2 2 -1 1 0 0 1 1 6.9673
9 2 5 1 3 1 2 1 3 -1 1 0 0 0 1 4.1366
10 2 9 3 1 1 1 1 3 -1 1 0 0 0 1 8.6947
11 3 5 3 1 1 1 1 3 -1 1 0 0 0 1 8.9040
12 1 6 3 3 2 2 3 -1 -1 1 0 0 1 1 1.0632
13 3 7 3 1 1 2 1 2 -1 1 0 0 0 0 3.9905
14 1 6 1 3 1 2 1 3 -1 1 1 0 0 1 3.4648
15 1 6 3 1 2 2 1 3 -1 1 0 0 0 1 3.9960
16 1 1 1 1 2 2 1 -1 -1 1 0 0 1 1 2.9118
17 1 4 1 1 1 2 1 -1 -1 1 0 0 1 1 0.8445
18 1 4 3 3 1 2 2 3 -1 1 1 0 0 0 3.4085
19 2 5 3 1 2 2 1 3 -1 1 0 0 0 1 5.6756
20 2 2 2 2 1 2 2 2 -1 1 0 0 1 1 2.8987
21 2 5 3 3 2 2 3 -1 -1 1 0 0 1 1 3.3660
22 3 6 3 3 1 2 3 3 -1 1 0 0 1 1 5.6323
23 2 2 1 3 1 2 1 2 -1 1 0 0 0 0 3.5479
24 2 5 3 3 1 2 2 3 -1 1 0 0 0 0 13.2131
25 2 9 1 1 1 2 1 1 -1 1 0 0 1 1 3.4302
26 3 6 3 1 1 2 1 3 -1 1 0 0 0 1 3.0558
27 2 5 1 3 2 2 1 3 -1 1 0 0 0 1 7.6474
28 3 6 1 3 1 2 1 3 -1 1 0 0 0 1 3.5971
29 1 8 1 3 1 1 3 1 -1 0 1 0 0 1 3.0308
30 2 5 2 2 1 2 2 2 -1 1 0 0 1 1 4.1852
31 1 4 1 3 1 1 1 3 -1 1 0 0 0 1 5.2856
32 1 1 3 1 1 2 1 2 -1 1 0 0 0 0 3.4584
33 2 5 1 1 1 2 1 1 -1 1 0 0 1 1 2.8903
34 3 5 1 3 1 2 1 3 -1 1 0 0 0 1 5.8784
35 3 6 1 1 1 2 1 1 -1 1 0 0 1 1 4.9660
36 1 8 3 3 1 2 3 3 -1 1 0 0 1 1 1.8389
37 1 1 3 3 2 2 3 -1 -1 1 0 0 1 1 2.9697
38 1 8 1 3 2 2 3 1 -1 0 1 0 0 1 8.4305
39 2 9 1 3 1 1 1 3 -1 1 0 0 0 1 3.2355
40 2 2 3 1 1 1 1 2 2 1 0 1 0 0 13.6134
41 3 1 3 3 1 2 3 2 -1 1 1 0 0 0 4.7348
42 1 4 3 1 2 2 1 3 -1 1 0 0 0 1 4.1353
43 3 7 3 3 1 2 3 3 -1 1 0 0 1 1 3.7924
44 1 4 1 3 2 2 1 3 -1 1 0 0 0 1 2.6803
45 3 1 2 2 1 2 2 2 -1 1 0 0 1 1 3.5792
46 2 2 1 1 1 2 1 1 -1 1 0 0 1 1 9.9313
47 2 9 1 3 2 2 1 3 -1 1 1 0 0 1 6.0953
48 1 1 1 1 1 2 1 1 -1 1 0 0 1 1 4.0454
49 1 8 3 1 1 1 1 3 -1 1 0 0 0 1 2.8832
50 3 1 1 3 1 2 1 3 -1 1 0 0 0 1 4.4013
51 2 5 3 1 1 1 1 3 -1 1 0 0 0 1 4.9121
52 1 4 1 3 1 2 1 3 -1 1 0 0 0 1 3.7831
53 2 2 3 1 1 2 1 2 -1 1 0 0 0 0 3.6002
54 1 4 3 1 1 1 1 3 -1 1 0 0 0 1 3.1732
55 3 6 3 1 1 1 1 3 -1 1 0 0 0 1 6.5402
56 3 5 3 3 2 2 3 -1 -1 1 0 0 1 1 3.9650
57 2 9 1 3 1 2 1 3 -1 1 0 0 0 1 3.6501
58 1 6 1 3 2 2 1 3 -1 1 0 0 0 1 3.7489
59 1 6 3 1 1 1 1 3 -1 1 0 0 0 1 7.7774
60 3 7 1 3 2 2 1 2 -1 1 0 0 0 0 3.7920
61 3 6 3 1 2 2 1 3 -1 1 0 0 0 1 3.8031
62 1 6 1 1 1 2 1 1 -1 1 0 0 1 1 3.2090
63 1 4 3 1 1 2 2 1 -1 0 1 0 0 0 8.6088
64 3 5 3 1 2 2 1 3 -1 1 0 0 0 1 5.0064
65 2 5 3 3 1 1 2 -1 -1 1 0 0 1 0 1.1205
66 1 1 2 2 1 2 2 2 -1 1 0 0 1 1 12.0828
67 1 6 2 2 1 2 2 2 -1 1 0 0 1 1 5.4958
68 3 7 2 2 1 2 2 2 -1 1 0 0 1 1 3.8161
69 1 1 3 1 1 1 1 3 -1 1 0 0 0 1 3.0759
70 3 5 3 3 1 2 3 3 -1 1 0 0 1 1 4.1432
71 3 5 1 1 1 2 1 1 -1 1 0 0 1 1 2.7440
72 1 1 2 2 1 1 2 -1 -1 1 0 0 1 1 0.9617
73 3 7 1 3 1 1 1 3 -1 1 0 0 0 1 3.4409
74 3 1 1 3 2 2 1 3 -1 1 0 0 0 1 5.0797
75 1 6 3 3 1 2 3 3 -1 1 0 0 1 1 3.7817
76 1 1 3 1 2 2 1 3 1 1 0 0 0 1 13.0639
77 1 8 3 1 1 2 1 3 -1 1 0 0 0 1 10.5793
78 2 9 3 1 2 2 1 3 -1 1 1 0 0 1 8.2574
79 3 5 1 3 2 2 1 3 -1 1 0 0 0 1 3.9144
80 1 4 1 1 1 1 1 -1 -1 1 0 0 1 1 0.7467
81 1 1 1 3 1 1 1 3 -1 1 0 0 0 1 3.7148
82 1 8 1 1 1 2 1 -1 -1 1 0 0 1 1 1.0218
83 1 8 3 1 2 2 1 3 -1 1 0 0 0 1 2.8965
84 3 7 1 3 1 2 1 2 -1 1 0 0 0 0 3.6605
85 3 1 1 3 1 1 1 2 -1 1 0 0 0 0 8.3971
86 3 1 1 1 1 2 1 1 -1 1 0 0 1 1 5.9408
87 3 5 1 3 1 1 1 3 -1 1 0 0 0 1 18.2446
88 3 1 3 1 2 2 1 3 -1 1 0 0 0 1 7.1321
89 1 8 1 3 1 2 1 3 -1 1 0 0 0 1 3.3185
90 3 7 1 1 1 2 1 1 -1 1 0 0 1 1 4.7991
91 2 9 3 3 1 2 3 3 -1 1 0 0 1 1 3.9314
92 3 6 1 3 1 1 1 3 -1 1 0 0 0 1 6.4711
93 2 2 3 3 1 2 3 3 -1 1 0 0 1 1 12.4204
94 3 5 2 2 1 2 2 2 -1 1 0 0 1 1 7.1351
95 1 1 3 3 1 2 3 3 -1 1 0 0 1 1 3.2278
96 2 2 1 3 1 1 1 3 -1 1 0 0 0 1 9.3469
97 3 1 3 1 1 2 1 2 -1 1 0 0 0 0 9.4720
98 3 7 3 1 2 2 1 3 -1 1 0 0 0 1 10.2986
99 2 2 3 1 2 2 1 3 -1 1 0 0 0 1 4.5152
100 2 9 2 2 1 2 2 2 -1 1 0 0 1 1 2.6459
101 1 1 1 3 2 2 1 3 -1 1 0 0 0 1 3.3894
102 2 9 3 1 1 2 1 3 -1 1 0 0 0 1 5.3082
103 3 6 1 3 2 2 1 3 -1 1 0 0 0 1 2.7169
104 2 5 3 1 1 2 1 3 -1 1 0 0 0 1 7.0932
105 3 1 3 1 1 1 1 3 -1 1 0 0 0 1 5.0248
106 2 2 1 1 2 2 1 -1 -1 1 0 0 1 1 3.8341
107 3 7 3 1 1 1 1 3 -1 1 0 0 0 1 2.9157
108 3 6 1 1 1 1 1 -1 -1 1 0 0 1 1 1.3431
109 1 6 3 1 1 2 1 3 -1 1 1 0 0 1 4.2882
110 3 5 3 1 1 2 1 3 -1 1 0 0 0 1 7.1313
