Ear: B
Audiogram left  : NA
Audiogram right : NA
# Keys:
# Consonant_ID  : d=1 g=2 l=3 f=4 th=5 jh=6 p=7 sh=8 t=9 
# Vowel_ID      : IH=1 EH=2 AE=3 
# F0_ID         : high_f0=1 low_f0=2 
# Columns       : Trial Con1 Con2 V1 V2 F01 F02 Ans1V Ans2V Ans3V Ans1C Ans2C Ans3C OneType BothOK RT
1 1 4 2 2 1 2 2 2 -1 1 0 0 1 1 6.4184
2 1 1 1 3 1 2 3 1 -1 0 1 0 0 1 3.6177
3 1 6 1 3 1 1 1 3 -1 1 0 0 0 1 5.2069
4 2 2 1 3 2 2 1 2 -1 1 0 0 0 0 4.4007
5 3 5 1 1 2 2 1 -1 -1 1 0 0 1 1 0.6840
6 1 8 2 2 1 2 2 -1 -1 1 0 0 1 1 0.6300
7 2 5 1 3 1 1 1 3 3 1 0 1 0 1 7.5405
8 3 6 2 2 1 2 2 2 -1 1 0 0 1 1 7.7388
9 2 5 1 3 1 2 1 3 -1 1 0 0 0 1 3.3084
10 2 9 3 1 1 1 1 3 -1 1 0 0 0 1 7.8465
11 3 5 3 1 1 1 1 3 -1 1 0 0 0 1 6.4773
12 1 6 3 3 2 2 3 -1 -1 1 0 0 1 1 0.8175
13 3 7 3 1 1 2 1 2 -1 1 0 0 0 0 5.7624
14 1 6 1 3 1 2 1 3 -1 1 1 0 0 1 4.6354
15 1 6 3 1 2 2 1 3 -1 1 0 0 0 1 3.7934
16 1 1 1 1 2 2 1 -1 -1 1 0 0 1 1 1.3166
17 1 4 1 1 1 2 1 -1 -1 1 0 0 1 1 2.6085
18 1 4 3 3 1 2 2 3 -1 1 0 0 0 0 7.7366
19 2 5 3 1 2 2 1 3 -1 1 0 0 0 1 11.7275
20 2 2 2 2 1 2 2 2 -1 1 0 0 1 1 1.8158
21 2 5 3 3 2 2 3 -1 -1 1 0 0 1 1 3.1814
22 3 6 3 3 1 2 3 3 -1 1 0 0 1 1 5.0247
23 2 2 1 3 1 2 1 3 -1 1 0 0 0 1 10.9669
24 2 5 3 3 1 2 3 3 -1 1 0 0 1 1 4.4041
25 2 9 1 1 1 2 1 1 -1 1 0 0 1 1 3.0517
26 3 6 3 1 1 2 1 3 -1 1 0 0 0 1 5.0998
27 2 5 1 3 2 2 1 3 -1 1 0 0 0 1 6.0213
28 3 6 1 3 1 2 1 3 -1 1 0 0 0 1 4.3696
29 1 8 1 3 1 1 1 3 -1 1 0 0 0 1 7.7526
30 2 5 2 2 1 2 2 2 -1 1 0 0 1 1 5.9994
31 1 4 1 3 1 1 1 3 -1 1 0 0 0 1 10.1921
32 1 1 3 1 1 2 1 3 -1 1 0 0 0 1 7.9465
33 2 5 1 1 1 2 1 1 -1 1 0 0 1 1 2.7519
34 3 5 1 3 1 2 1 3 -1 1 0 0 0 1 8.3250
35 3 6 1 1 1 2 1 1 -1 1 0 0 1 1 1.3521
36 1 8 3 3 1 2 3 3 -1 1 0 0 1 1 3.4623
37 1 1 3 3 2 2 3 -1 -1 1 0 0 1 1 1.1017
38 1 8 1 3 2 2 1 3 -1 1 0 0 0 1 3.3460
39 2 9 1 3 1 1 1 3 -1 1 0 0 0 1 6.2700
40 2 2 3 1 1 1 1 2 -1 1 0 0 0 0 4.0057
41 3 1 3 3 1 2 3 3 -1 1 0 0 1 1 6.8263
42 1 4 3 1 2 2 1 3 -1 1 0 0 0 1 9.4575
43 3 7 3 3 1 2 2 3 -1 1 0 0 0 0 6.7852
44 1 4 1 3 2 2 1 3 -1 1 0 0 0 1 3.3018
45 3 1 2 2 1 2 2 2 -1 1 0 0 1 1 2.9527
46 2 2 1 1 1 2 1 1 -1 1 0 0 1 1 3.7864
47 2 9 1 3 2 2 1 3 -1 1 0 0 0 1 4.0712
48 1 1 1 1 1 2 1 1 -1 1 0 0 1 1 7.0854
49 1 8 3 1 1 1 1 3 -1 1 0 0 0 1 1.2525
50 3 1 1 3 1 2 1 3 -1 1 0 0 0 1 6.3426
51 2 5 3 1 1 1 1 3 -1 1 0 0 0 1 3.8245
52 1 4 1 3 1 2 3 1 -1 0 1 0 0 1 3.7763
53 2 2 3 1 1 2 1 3 -1 1 0 0 0 1 10.7758
54 1 4 3 1 1 1 1 3 -1 1 0 0 0 1 6.1434
55 3 6 3 1 1 1 1 3 -1 1 0 0 0 1 4.2984
56 3 5 3 3 2 2 3 -1 -1 1 0 0 1 1 0.8813
57 2 9 1 3 1 2 1 3 -1 1 1 0 0 1 3.1372
58 1 6 1 3 2 2 1 3 -1 1 0 0 0 1 4.1714
59 1 6 3 1 1 1 1 3 -1 1 0 0 0 1 8.4348
60 3 7 1 3 2 2 1 3 -1 1 1 0 0 1 3.0825
61 3 6 3 1 2 2 1 3 -1 1 0 0 0 1 7.1421
62 1 6 1 1 1 2 1 1 -1 1 0 0 1 1 0.9807
63 1 4 3 1 1 2 1 3 -1 1 0 0 0 1 5.5220
64 3 5 3 1 2 2 1 3 -1 1 0 0 0 1 4.5157
65 2 5 3 3 1 1 2 -1 -1 1 0 0 1 0 3.5251
66 1 1 2 2 1 2 2 2 -1 1 0 0 1 1 2.9703
67 1 6 2 2 1 2 2 2 -1 1 0 0 1 1 3.9295
68 3 7 2 2 1 2 2 2 -1 1 0 0 1 1 1.6913
69 1 1 3 1 1 1 1 3 -1 1 0 0 0 1 3.3580
70 3 5 3 3 1 2 3 2 3 0 1 1 0 0 10.1120
71 3 5 1 1 1 2 1 1 -1 1 0 0 1 1 3.3905
72 1 1 2 2 1 1 2 -1 -1 1 0 0 1 1 1.9257
73 3 7 1 3 1 1 1 3 -1 1 0 0 0 1 4.3133
74 3 1 1 3 2 2 1 3 -1 1 0 0 0 1 4.2693
75 1 6 3 3 1 2 3 3 -1 1 0 0 1 1 4.2875
76 1 1 3 1 2 2 1 3 -1 1 0 0 0 1 4.8557
77 1 8 3 1 1 2 1 3 -1 1 0 0 0 1 4.6651
78 2 9 3 1 2 2 1 3 -1 1 0 0 0 1 4.1508
79 3 5 1 3 2 2 1 3 -1 1 0 0 0 1 2.8989
80 1 4 1 1 1 1 1 -1 -1 1 0 0 1 1 0.8319
81 1 1 1 3 1 1 1 3 -1 1 0 0 0 1 7.4897
82 1 8 1 1 1 2 1 -1 -1 1 0 0 1 1 0.7782
83 1 8 3 1 2 2 1 3 -1 1 0 0 0 1 3.7313
84 3 7 1 3 1 2 1 3 -1 1 0 0 0 1 2.9202
85 3 1 1 3 1 1 3 1 -1 0 1 0 0 1 5.6053
86 3 1 1 1 1 2 1 1 -1 1 0 0 1 1 3.0163
87 3 5 1 3 1 1 1 3 -1 1 0 0 0 1 3.6078
88 3 1 3 1 2 2 1 2 -1 1 0 0 0 0 9.2886
89 1 8 1 3 1 2 1 3 -1 1 0 0 0 1 13.9351
90 3 7 1 1 1 2 1 1 -1 1 0 0 1 1 4.1058
91 2 9 3 3 1 2 3 3 -1 1 0 0 1 1 3.1766
92 3 6 1 3 1 1 1 3 -1 1 0 0 0 1 3.8604
93 2 2 3 3 1 2 2 2 -1 1 0 0 1 0 3.2712
94 3 5 2 2 1 2 2 2 -1 1 0 0 1 1 2.8100
95 1 1 3 3 1 2 3 3 -1 1 0 0 1 1 3.7797
96 2 2 1 3 1 1 1 2 -1 1 0 0 0 0 3.6452
97 3 1 3 1 1 2 1 3 -1 1 0 0 0 1 8.2331
98 3 7 3 1 2 2 1 3 -1 1 0 0 0 1 7.9039
99 2 2 3 1 2 2 1 3 -1 1 0 0 0 1 10.1978
100 2 9 2 2 1 2 2 2 -1 1 0 0 1 1 1.5674
101 1 1 1 3 2 2 1 3 -1 1 0 0 0 1 4.2818
102 2 9 3 1 1 2 1 3 -1 1 0 0 0 1 5.6532
103 3 6 1 3 2 2 1 3 -1 1 0 0 0 1 5.2564
104 2 5 3 1 1 2 1 3 -1 1 0 0 0 1 9.1922
105 3 1 3 1 1 1 1 3 -1 1 0 0 0 1 4.6642
106 2 2 1 1 2 2 1 -1 -1 1 0 0 1 1 9.6154
107 3 7 3 1 1 1 1 3 -1 1 0 0 0 1 7.7787
108 3 6 1 1 1 1 1 -1 -1 1 0 0 1 1 0.9911
109 1 6 3 1 1 2 1 3 -1 1 1 0 0 1 3.8221
110 3 5 3 1 1 2 1 3 -1 1 0 0 0 1 3.1175
