Ear: B
Audiogram left  : NA
Audiogram right : NA
# Keys:
# Consonant_ID  : d=1 g=2 l=3 f=4 th=5 jh=6 p=7 sh=8 t=9 
# Vowel_ID      : IH=1 EH=2 AE=3 
# F0_ID         : high_f0=1 low_f0=2 
# Columns       : Trial Con1 Con2 V1 V2 F01 F02 Ans1V Ans2V Ans3V Ans1C Ans2C Ans3C OneType BothOK RT
1 1 4 2 2 1 2 2 2 -1 1 0 0 1 1 4.9454
2 1 1 1 3 1 2 3 1 -1 0 1 0 0 1 3.8714
3 1 6 1 3 1 1 1 3 -1 1 0 0 0 1 3.8654
4 2 2 1 3 2 2 1 2 -1 1 0 0 0 0 7.4358
5 3 5 1 1 2 2 1 -1 -1 1 0 0 1 1 0.7171
6 1 8 2 2 1 2 2 -1 -1 1 0 0 1 1 4.0563
7 2 5 1 3 1 1 1 3 -1 1 0 0 0 1 4.0975
8 3 6 2 2 1 2 2 2 -1 1 0 0 1 1 6.7576
9 2 5 1 3 1 2 1 3 -1 1 0 0 0 1 5.5589
10 2 9 3 1 1 1 1 3 -1 1 0 0 0 1 4.0940
11 3 5 3 1 1 1 1 3 -1 1 0 0 0 1 6.0800
12 1 6 3 3 2 2 3 -1 -1 1 0 0 1 1 0.8451
13 3 7 3 1 1 2 1 3 -1 1 0 0 0 1 5.8061
14 1 6 1 3 1 2 1 3 -1 1 1 0 0 1 5.3126
15 1 6 3 1 2 2 1 3 -1 1 0 0 0 1 3.7688
16 1 1 1 1 2 2 1 -1 -1 1 0 0 1 1 2.6315
17 1 4 1 1 1 2 1 -1 -1 1 0 0 1 1 3.1595
18 1 4 3 3 1 2 3 2 -1 1 1 0 0 0 7.8247
19 2 5 3 1 2 2 1 3 -1 1 0 0 0 1 5.6735
20 2 2 2 2 1 2 2 2 -1 1 0 0 1 1 1.3011
21 2 5 3 3 2 2 3 -1 -1 1 0 0 1 1 2.4047
22 3 6 3 3 1 2 3 3 -1 1 0 0 1 1 4.1874
23 2 2 1 3 1 2 1 2 -1 1 0 0 0 0 6.0866
24 2 5 3 3 1 2 3 3 -1 1 0 0 1 1 3.6564
25 2 9 1 1 1 2 1 1 -1 1 0 0 1 1 3.4271
26 3 6 3 1 1 2 1 3 -1 1 0 0 0 1 3.5349
27 2 5 1 3 2 2 1 3 -1 1 0 0 0 1 9.2187
28 3 6 1 3 1 2 1 3 -1 1 0 0 0 1 3.4353
29 1 8 1 3 1 1 1 3 -1 1 0 0 0 1 3.6519
30 2 5 2 2 1 2 2 2 -1 1 0 0 1 1 3.2571
31 1 4 1 3 1 1 1 2 -1 1 0 0 0 0 6.6103
32 1 1 3 1 1 2 1 3 -1 1 0 0 0 1 7.9053
33 2 5 1 1 1 2 1 1 -1 1 0 0 1 1 3.9250
34 3 5 1 3 1 2 1 3 -1 1 0 0 0 1 4.8828
35 3 6 1 1 1 2 1 1 -1 1 0 0 1 1 3.6074
36 1 8 3 3 1 2 3 3 -1 1 0 0 1 1 4.5965
37 1 1 3 3 2 2 3 -1 -1 1 0 0 1 1 3.9545
38 1 8 1 3 2 2 1 2 -1 1 0 0 0 0 10.2081
39 2 9 1 3 1 1 1 3 -1 1 0 0 0 1 3.0232
40 2 2 3 1 1 1 1 3 -1 1 0 0 0 1 6.3294
41 3 1 3 3 1 2 3 3 -1 1 0 0 1 1 6.2008
42 1 4 3 1 2 2 1 3 -1 1 0 0 0 1 4.1607
43 3 7 3 3 1 2 2 3 -1 1 1 0 0 0 4.0630
44 1 4 1 3 2 2 1 3 -1 1 0 0 0 1 2.7577
45 3 1 2 2 1 2 2 2 -1 1 0 0 1 1 3.7047
46 2 2 1 1 1 2 1 1 -1 1 0 0 1 1 4.3400
47 2 9 1 3 2 2 1 3 -1 1 1 0 0 1 9.7289
48 1 1 1 1 1 2 1 1 -1 1 0 0 1 1 3.7835
49 1 8 3 1 1 1 3 1 -1 0 1 0 0 1 6.5825
50 3 1 1 3 1 2 3 1 -1 1 1 0 0 1 6.1817
51 2 5 3 1 1 1 1 3 -1 1 0 0 0 1 6.1956
52 1 4 1 3 1 2 1 3 -1 1 0 0 0 1 3.0374
53 2 2 3 1 1 2 1 2 -1 1 0 0 0 0 4.4691
54 1 4 3 1 1 1 1 3 -1 1 0 0 0 1 9.2001
55 3 6 3 1 1 1 1 3 -1 1 0 0 0 1 4.3635
56 3 5 3 3 2 2 3 -1 -1 1 0 0 1 1 2.6585
57 2 9 1 3 1 2 1 3 -1 1 0 0 0 1 3.3488
58 1 6 1 3 2 2 1 3 -1 1 0 0 0 1 2.9279
59 1 6 3 1 1 1 1 3 -1 1 0 0 0 1 9.8096
60 3 7 1 3 2 2 1 2 -1 1 0 0 0 0 7.4047
61 3 6 3 1 2 2 1 3 -1 1 0 0 0 1 12.2477
62 1 6 1 1 1 2 1 1 -1 1 0 0 1 1 3.3961
63 1 4 3 1 1 2 1 3 -1 1 0 0 0 1 4.7343
64 3 5 3 1 2 2 1 3 -1 1 0 0 0 1 5.4728
65 2 5 3 3 1 1 2 -1 -1 1 0 0 1 0 2.8389
66 1 1 2 2 1 2 2 2 -1 1 0 0 1 1 4.1145
67 1 6 2 2 1 2 2 2 -1 1 0 0 1 1 1.5751
68 3 7 2 2 1 2 2 2 -1 1 0 0 1 1 3.5495
69 1 1 3 1 1 1 1 3 -1 1 0 0 0 1 4.0748
70 3 5 3 3 1 2 2 3 -1 1 0 0 0 0 4.1555
71 3 5 1 1 1 2 1 1 -1 1 0 0 1 1 3.5537
72 1 1 2 2 1 1 2 -1 -1 1 0 0 1 1 1.4307
73 3 7 1 3 1 1 1 2 -1 1 0 0 0 0 6.7421
74 3 1 1 3 2 2 1 3 -1 1 0 0 0 1 5.5697
75 1 6 3 3 1 2 3 3 -1 1 0 0 1 1 4.1527
76 1 1 3 1 2 2 1 2 -1 1 0 0 0 0 4.0025
77 1 8 3 1 1 2 3 1 -1 0 1 0 0 1 5.3859
78 2 9 3 1 2 2 1 3 -1 1 0 0 0 1 3.9476
79 3 5 1 3 2 2 1 3 -1 1 0 0 0 1 6.6084
80 1 4 1 1 1 1 1 -1 -1 1 0 0 1 1 0.7160
81 1 1 1 3 1 1 1 3 -1 1 0 0 0 1 2.9507
82 1 8 1 1 1 2 1 -1 -1 1 0 0 1 1 3.7566
83 1 8 3 1 2 2 1 3 -1 1 0 0 0 1 5.9392
84 3 7 1 3 1 2 1 2 -1 1 0 0 0 0 9.1793
85 3 1 1 3 1 1 1 3 -1 1 0 0 0 1 5.4677
86 3 1 1 1 1 2 1 1 -1 1 0 0 1 1 8.2442
87 3 5 1 3 1 1 1 2 -1 1 0 0 0 0 11.4223
88 3 1 3 1 2 2 1 3 -1 1 1 0 0 1 8.2683
89 1 8 1 3 1 2 1 3 -1 1 0 0 0 1 3.7689
90 3 7 1 1 1 2 1 1 -1 1 0 0 1 1 3.4861
91 2 9 3 3 1 2 3 3 -1 1 0 0 1 1 3.7587
92 3 6 1 3 1 1 1 3 -1 1 0 0 0 1 3.1952
93 2 2 3 3 1 2 2 2 -1 1 0 0 1 0 6.3064
94 3 5 2 2 1 2 2 2 -1 1 0 0 1 1 3.7790
95 1 1 3 3 1 2 3 3 -1 1 0 0 1 1 5.7790
96 2 2 1 3 1 1 1 2 -1 1 0 0 0 0 6.4384
97 3 1 3 1 1 2 1 1 3 1 0 1 0 1 9.0278
98 3 7 3 1 2 2 1 1 -1 1 0 0 1 0 4.2138
99 2 2 3 1 2 2 1 3 -1 1 0 0 0 1 5.7845
100 2 9 2 2 1 2 2 2 -1 1 0 0 1 1 4.1890
101 1 1 1 3 2 2 1 3 -1 1 0 0 0 1 2.9351
102 2 9 3 1 1 2 1 3 -1 1 0 0 0 1 4.5980
103 3 6 1 3 2 2 1 3 -1 1 0 0 0 1 3.5380
104 2 5 3 1 1 2 1 3 -1 1 0 0 0 1 7.1493
105 3 1 3 1 1 1 1 2 -1 1 0 0 0 0 5.7521
106 2 2 1 1 2 2 1 -1 -1 1 0 0 1 1 6.3612
107 3 7 3 1 1 1 1 2 -1 1 0 0 0 0 4.6771
108 3 6 1 1 1 1 1 -1 -1 1 0 0 1 1 1.1198
109 1 6 3 1 1 2 1 3 -1 1 1 0 0 1 5.4363
110 3 5 3 1 1 2 1 2 3 1 1 1 0 0 11.3057
