Ear: B
Audiogram left  : NA
Audiogram right : NA
# Keys:
# Consonant_ID  : d=1 g=2 l=3 f=4 th=5 jh=6 p=7 sh=8 t=9 
# Vowel_ID      : IH=1 EH=2 AE=3 
# F0_ID         : high_f0=1 low_f0=2 
# Columns       : Trial Con1 Con2 V1 V2 F01 F02 Ans1V Ans2V Ans3V Ans1C Ans2C Ans3C OneType BothOK RT
1 1 4 2 2 1 2 2 -1 -1 1 0 0 1 1 4.6071
2 1 1 1 3 1 2 1 3 -1 1 0 0 0 1 3.8930
3 1 6 1 3 1 1 1 3 -1 1 0 0 0 1 2.8156
4 2 2 1 3 2 2 1 2 -1 1 0 0 0 0 2.8463
5 3 5 1 1 2 2 1 -1 -1 1 0 0 1 1 0.6369
6 1 8 2 2 1 2 2 -1 -1 1 0 0 1 1 0.8062
7 2 5 1 3 1 1 1 3 -1 1 0 0 0 1 7.3804
8 3 6 2 2 1 2 2 2 -1 1 0 0 1 1 4.8814
9 2 5 1 3 1 2 1 3 -1 1 0 0 0 1 2.7943
10 2 9 3 1 1 1 1 3 -1 1 0 0 0 1 6.4529
11 3 5 3 1 1 1 1 3 -1 1 0 0 0 1 5.7493
12 1 6 3 3 2 2 3 -1 -1 1 0 0 1 1 0.8800
13 3 7 3 1 1 2 1 2 -1 1 0 0 0 0 7.8263
14 1 6 1 3 1 2 1 3 -1 1 1 0 0 1 3.3150
15 1 6 3 1 2 2 1 3 -1 1 0 0 0 1 8.3377
16 1 1 1 1 2 2 1 -1 -1 1 0 0 1 1 1.0113
17 1 4 1 1 1 2 1 -1 -1 1 0 0 1 1 0.8147
18 1 4 3 3 1 2 2 3 -1 1 0 0 0 0 3.6659
19 2 5 3 1 2 2 1 3 -1 1 0 0 0 1 6.8466
20 2 2 2 2 1 2 2 2 -1 1 0 0 1 1 10.9119
21 2 5 3 3 2 2 3 -1 -1 1 0 0 1 1 2.8170
22 3 6 3 3 1 2 3 3 -1 1 0 0 1 1 3.3375
23 2 2 1 3 1 2 1 2 -1 1 0 0 0 0 5.4236
24 2 5 3 3 1 2 3 3 -1 1 0 0 1 1 4.9452
25 2 9 1 1 1 2 1 1 -1 1 0 0 1 1 1.2696
26 3 6 3 1 1 2 1 3 -1 1 0 0 0 1 6.0654
27 2 5 1 3 2 2 1 3 -1 1 0 0 0 1 2.9407
28 3 6 1 3 1 2 3 1 -1 0 1 0 0 1 2.9667
29 1 8 1 3 1 1 1 3 -1 1 0 0 0 1 3.6213
30 2 5 2 2 1 2 2 2 -1 1 0 0 1 1 3.4128
31 1 4 1 3 1 1 1 2 -1 1 0 0 0 0 9.5648
32 1 1 3 1 1 2 1 3 -1 1 0 0 0 1 7.2667
33 2 5 1 1 1 2 1 1 -1 1 0 0 1 1 8.0839
34 3 5 1 3 1 2 1 3 -1 1 0 0 0 1 5.8134
35 3 6 1 1 1 2 1 1 -1 1 0 0 1 1 4.6223
36 1 8 3 3 1 2 3 2 -1 1 0 0 0 0 9.4147
37 1 1 3 3 2 2 3 -1 -1 1 0 0 1 1 1.1941
38 1 8 1 3 2 2 1 3 -1 1 0 0 0 1 6.6960
39 2 9 1 3 1 1 1 3 3 1 0 1 0 1 8.7734
40 2 2 3 1 1 1 1 2 -1 1 0 0 0 0 11.0538
41 3 1 3 3 1 2 3 3 -1 1 0 0 1 1 3.5817
42 1 4 3 1 2 2 1 3 -1 1 0 0 0 1 8.0891
43 3 7 3 3 1 2 2 3 -1 1 0 0 0 0 4.3724
44 1 4 1 3 2 2 1 3 -1 1 0 0 0 1 2.8188
45 3 1 2 2 1 2 2 2 -1 1 0 0 1 1 2.8214
46 2 2 1 1 1 2 1 1 -1 1 0 0 1 1 4.4128
47 2 9 1 3 2 2 1 3 -1 1 1 0 0 1 7.7418
48 1 1 1 1 1 2 1 1 -1 1 0 0 1 1 2.9388
49 1 8 3 1 1 1 1 3 -1 1 0 0 0 1 3.4317
50 3 1 1 3 1 2 1 3 -1 1 0 0 0 1 5.7833
51 2 5 3 1 1 1 1 3 -1 1 0 0 0 1 4.1071
52 1 4 1 3 1 2 1 3 -1 1 0 0 0 1 4.6982
53 2 2 3 1 1 2 1 2 -1 1 0 0 0 0 11.7955
54 1 4 3 1 1 1 1 3 -1 1 0 0 0 1 8.8120
55 3 6 3 1 1 1 1 3 -1 1 0 0 0 1 8.6102
56 3 5 3 3 2 2 3 -1 -1 1 0 0 1 1 3.6189
57 2 9 1 3 1 2 1 3 -1 1 1 0 0 1 7.0334
58 1 6 1 3 2 2 1 3 -1 1 0 0 0 1 6.6723
59 1 6 3 1 1 1 1 2 -1 1 0 0 0 0 9.2993
60 3 7 1 3 2 2 1 3 -1 1 0 0 0 1 10.0764
61 3 6 3 1 2 2 1 3 -1 1 0 0 0 1 4.6387
62 1 6 1 1 1 2 1 1 -1 1 0 0 1 1 1.1147
63 1 4 3 1 1 2 1 3 -1 1 0 0 0 1 3.4094
64 3 5 3 1 2 2 1 3 -1 1 0 0 0 1 2.9415
65 2 5 3 3 1 1 2 -1 -1 1 0 0 1 0 2.7039
66 1 1 2 2 1 2 2 2 -1 1 0 0 1 1 3.2534
67 1 6 2 2 1 2 2 2 -1 1 0 0 1 1 1.5450
68 3 7 2 2 1 2 2 2 -1 1 0 0 1 1 2.5631
69 1 1 3 1 1 1 1 2 -1 1 0 0 0 0 9.0270
70 3 5 3 3 1 2 3 3 -1 1 0 0 1 1 4.4142
71 3 5 1 1 1 2 1 1 -1 1 0 0 1 1 1.7941
72 1 1 2 2 1 1 2 -1 -1 1 0 0 1 1 1.0513
73 3 7 1 3 1 1 1 3 -1 1 0 0 0 1 5.9722
74 3 1 1 3 2 2 1 3 -1 1 0 0 0 1 2.9536
75 1 6 3 3 1 2 3 3 -1 1 0 0 1 1 4.4969
76 1 1 3 1 2 2 1 2 -1 1 0 0 0 0 8.9430
77 1 8 3 1 1 2 1 3 -1 1 0 0 0 1 4.4920
78 2 9 3 1 2 2 1 2 -1 1 0 0 0 0 5.0534
79 3 5 1 3 2 2 1 3 -1 1 0 0 0 1 4.6572
80 1 4 1 1 1 1 1 -1 -1 1 0 0 1 1 2.4744
81 1 1 1 3 1 1 1 3 -1 1 0 0 0 1 4.1461
82 1 8 1 1 1 2 1 -1 -1 1 0 0 1 1 0.8884
83 1 8 3 1 2 2 1 -1 -1 1 0 0 1 0 0.8082
84 3 7 1 3 1 2 1 3 -1 1 0 0 0 1 5.0098
85 3 1 1 3 1 1 1 3 -1 1 0 0 0 1 4.1206
86 3 1 1 1 1 2 1 1 -1 1 0 0 1 1 4.4896
87 3 5 1 3 1 1 1 3 -1 1 0 0 0 1 5.4145
88 3 1 3 1 2 2 1 3 -1 1 0 0 0 1 7.6806
89 1 8 1 3 1 2 1 3 -1 1 0 0 0 1 3.8100
90 3 7 1 1 1 2 1 1 -1 1 0 0 1 1 2.9725
91 2 9 3 3 1 2 3 3 -1 1 0 0 1 1 3.0644
92 3 6 1 3 1 1 1 3 -1 1 0 0 0 1 3.5244
93 2 2 3 3 1 2 2 2 -1 1 0 0 1 0 4.9850
94 3 5 2 2 1 2 2 2 -1 1 0 0 1 1 2.6146
95 1 1 3 3 1 2 3 2 -1 1 0 0 0 0 8.0521
96 2 2 1 3 1 1 1 2 -1 1 0 0 0 0 4.2626
97 3 1 3 1 1 2 1 3 -1 1 0 0 0 1 3.2664
98 3 7 3 1 2 2 3 1 -1 0 1 0 0 1 4.9542
99 2 2 3 1 2 2 1 3 -1 1 1 0 0 1 4.4881
100 2 9 2 2 1 2 2 2 -1 1 0 0 1 1 3.6908
101 1 1 1 3 2 2 1 3 -1 1 0 0 0 1 4.5466
102 2 9 3 1 1 2 1 3 -1 1 0 0 0 1 4.6746
103 3 6 1 3 2 2 1 3 -1 1 0 0 0 1 7.9645
104 2 5 3 1 1 2 1 3 -1 1 0 0 0 1 8.5061
105 3 1 3 1 1 1 1 3 -1 1 0 0 0 1 11.1669
106 2 2 1 1 2 2 1 -1 -1 1 0 0 1 1 8.9564
107 3 7 3 1 1 1 1 3 -1 1 0 0 0 1 3.1513
108 3 6 1 1 1 1 1 -1 -1 1 0 0 1 1 1.0396
109 1 6 3 1 1 2 1 3 -1 1 1 0 0 1 3.5132
110 3 5 3 1 1 2 1 3 -1 1 0 0 0 1 8.5223
