Ear: L
Audiogram left  : NA
Audiogram right : NA
# Keys:
# Consonant_ID  : d=1 g=2 l=3 f=4 th=5 jh=6 p=7 sh=8 t=9 
# Vowel_ID      : IH=1 EH=2 AE=3 
# F0_ID         : high_f0=1 low_f0=2 # Columns       : Trial Consonant_1_ID Consonant_2_ID Vowel_ID F0_ID Heard_Consonant Answer_vowel Correct Time_elapsed
1 2 5 2 1 1 2 1 0.5645
2 3 5 3 1 1 3 1 0.4512
3 3 7 1 1 1 1 1 0.4213
4 3 7 3 2 1 3 1 0.4054
5 3 6 2 2 1 2 1 0.4204
6 1 1 1 1 1 1 1 0.5031
7 2 5 3 2 1 3 1 0.4803
8 2 2 2 1 1 2 1 0.8273
9 1 8 1 1 1 1 1 0.5639
10 1 6 1 2 1 1 1 0.7453
11 2 5 3 1 1 3 1 1.7328
12 1 6 3 2 1 3 1 0.5044
13 1 8 2 1 1 2 1 1.2682
14 3 1 1 1 1 1 1 0.4979
15 3 1 2 2 1 2 1 0.4819
16 1 1 3 1 1 3 1 0.4638
17 3 6 1 2 1 1 1 0.4800
18 1 1 1 2 1 1 1 0.4777
19 1 4 3 1 1 3 1 0.6766
20 1 4 1 2 1 1 1 0.4783
21 1 8 2 2 1 2 1 0.5205
22 2 9 3 2 1 3 1 0.4834
23 1 4 3 2 1 3 1 0.8935
24 2 2 3 1 1 3 1 0.5415
25 1 1 2 1 1 2 1 0.4728
26 3 6 2 1 1 2 1 0.6729
27 1 6 2 1 1 2 1 0.6253
28 1 8 1 2 1 1 1 0.4926
29 3 6 3 2 1 3 1 0.5091
30 3 6 3 1 1 3 1 0.5542
31 2 5 1 1 1 1 1 0.5120
32 2 9 2 2 1 2 1 0.5504
33 3 1 3 2 1 3 1 2.5534
34 3 6 1 1 1 1 1 0.4496
35 1 1 2 2 1 2 1 0.5012
36 2 2 1 1 1 1 1 0.5286
37 2 9 1 2 1 1 1 0.4884
38 2 9 1 1 1 1 1 0.4604
39 1 8 3 2 1 3 1 0.5908
40 3 5 1 2 1 1 1 0.5824
41 3 1 1 2 1 1 1 0.5117
42 2 9 2 1 1 2 1 0.5550
43 2 2 3 2 1 3 1 0.5443
44 3 1 2 1 1 2 1 0.5258
45 2 2 2 2 1 2 1 0.5839
46 3 5 1 1 1 1 1 0.4441
47 3 5 3 2 1 2 0 0.4873
48 2 5 1 2 1 1 1 0.1753
49 3 5 2 2 1 2 1 0.7818
50 3 7 1 2 1 1 1 0.3701
51 3 7 3 1 1 3 1 0.8310
52 1 4 2 1 1 2 1 0.6310
53 1 8 3 1 1 3 1 0.4652
54 1 4 2 2 1 2 1 0.4832
55 1 1 3 2 1 3 1 0.4690
56 1 4 1 1 1 1 1 0.4877
57 1 6 3 1 1 3 1 0.5726
58 2 2 1 2 1 1 1 1.1145
59 1 6 2 2 1 2 1 0.5847
60 3 7 2 2 1 2 1 0.7399
61 1 6 1 1 1 1 1 0.4913
62 2 9 3 1 1 3 1 0.5973
63 3 7 2 1 1 2 1 0.8419
64 3 1 3 1 1 3 1 0.4901
65 2 5 2 2 1 2 1 0.4804
66 3 5 2 1 1 2 1 0.5220
