Ear: B
Audiogram left  : NA
Audiogram right : NA
# Keys:
# Consonant_ID  : d=1 g=2 l=3 f=4 th=5 jh=6 p=7 sh=8 t=9 
# Vowel_ID      : IH=1 EH=2 AE=3 
# F0_ID         : high_f0=1 low_f0=2 # Columns       : Trial Consonant_1_ID Consonant_2_ID Vowel_ID F0_ID Heard_Consonant Answer_vowel Correct Time_elapsed
1 3 5 3 2 1 3 1 2.5657
2 2 9 3 1 1 3 1 0.7697
3 1 1 1 2 1 1 1 0.5132
4 1 4 3 1 1 3 1 2.3524
5 2 9 1 2 1 1 1 1.1022
6 3 5 2 2 1 2 1 0.6593
7 2 9 1 1 1 1 1 0.6260
8 1 6 1 2 1 1 1 0.7206
9 1 4 1 1 1 1 1 0.6279
10 3 6 2 2 1 2 1 0.5648
11 1 8 1 2 1 1 1 0.5515
12 1 8 1 1 1 1 1 0.9400
13 1 6 2 1 1 2 1 1.0741
14 2 9 2 1 1 2 1 0.5750
15 2 5 3 2 1 3 1 0.7184
16 2 2 2 1 1 2 1 0.6220
17 1 6 2 2 1 2 1 0.6919
18 3 5 2 1 1 2 1 1.0320
19 1 6 3 2 1 3 1 0.5485
20 3 7 2 1 1 2 1 0.4520
21 3 6 1 2 1 1 1 0.5039
22 1 4 2 2 1 2 1 0.8855
23 3 6 3 1 1 3 1 0.5105
24 3 1 3 1 1 3 1 0.5319
25 3 6 1 1 1 1 1 0.9729
26 1 8 2 1 1 2 1 0.6477
27 2 2 2 2 1 2 1 0.6523
28 3 5 3 1 1 3 1 0.5297
29 1 1 3 1 1 3 1 2.1119
30 1 4 3 2 1 2 0 0.9112
31 3 1 1 1 1 1 1 4.8720
32 2 5 1 1 1 1 1 1.2172
33 1 8 3 2 1 3 1 0.8273
34 2 5 1 2 1 1 1 0.9111
35 2 9 2 2 1 2 1 0.6893
36 3 1 2 2 1 2 1 0.6307
37 1 1 1 1 1 1 1 0.5354
38 2 5 2 2 1 2 1 0.9250
39 2 5 3 1 1 3 1 0.5745
40 3 6 3 2 1 3 1 0.5119
41 3 7 3 1 1 3 1 0.4817
42 3 1 3 2 1 3 1 0.4791
43 1 6 3 1 1 3 1 0.6902
44 2 5 2 1 1 2 1 0.5120
45 1 6 1 1 1 1 1 0.5407
46 3 5 1 1 1 1 1 0.4997
47 1 4 1 2 1 1 1 0.5524
48 1 1 3 2 1 3 1 2.2135
49 3 5 1 2 1 1 1 0.5966
50 3 1 2 1 1 2 1 0.4979
51 1 1 2 1 1 2 1 0.6834
52 2 9 3 2 1 3 1 0.6828
53 3 7 2 2 1 2 1 1.1539
54 3 6 2 1 1 2 1 0.5110
55 1 8 3 1 1 3 1 1.0845
56 1 8 2 2 1 2 1 0.5182
57 2 2 3 2 1 3 1 1.6758
58 1 1 2 2 1 2 1 0.9432
59 3 1 1 2 1 1 1 0.7091
60 2 2 1 1 1 1 1 2.0925
61 2 2 1 2 1 1 1 0.8376
62 1 4 2 1 1 2 1 1.0106
63 3 7 3 2 1 3 1 1.0531
64 3 7 1 1 1 1 1 0.4943
65 2 2 3 1 1 3 1 0.7247
66 3 7 1 2 1 1 1 0.6285
