Ear: B
Audiogram left  : NA
Audiogram right : NA
# Keys:
# Consonant_ID  : d=1 g=2 l=3 f=4 th=5 jh=6 p=7 sh=8 t=9 
# Vowel_ID      : IH=1 EH=2 AE=3 
# F0_ID         : high_f0=1 low_f0=2 # Columns       : Trial Consonant_1_ID Consonant_2_ID Vowel_ID F0_ID Heard_Consonant Answer_vowel Correct Time_elapsed
1 2 9 2 2 1 2 1 0.5144
2 3 6 1 2 1 1 1 0.1222
3 1 4 3 2 1 3 1 1.0762
4 3 6 1 1 1 1 1 0.0205
5 1 8 2 1 1 2 1 0.2665
6 1 1 3 1 1 3 1 0.5584
7 3 7 2 1 1 2 1 0.4518
8 1 6 3 1 1 3 1 0.4403
9 2 9 2 1 1 2 1 0.2884
10 3 6 2 1 1 2 1 0.6755
11 3 7 3 1 1 3 1 0.6213
12 3 1 2 1 1 2 1 0.4326
13 3 7 1 1 1 1 1 0.6179
14 1 1 1 1 1 1 1 0.4901
15 2 2 1 2 1 1 1 2.9972
16 1 8 1 1 1 1 1 0.7953
17 2 9 3 2 1 3 1 0.5338
18 1 4 2 2 1 2 1 1.3883
19 2 5 2 2 1 2 1 0.6140
20 3 6 3 1 1 3 1 0.3417
21 3 5 1 2 1 1 1 0.4366
22 1 6 2 1 1 2 1 0.3905
23 2 2 3 2 1 3 1 1.4302
24 3 1 3 2 1 3 1 0.4564
25 3 6 3 2 1 3 1 0.4934
26 3 7 1 2 1 1 1 0.4749
27 3 5 2 2 1 2 1 0.5627
28 2 5 1 2 1 1 1 0.6026
29 2 5 3 1 1 3 1 0.5812
30 1 1 2 2 1 2 1 0.8834
31 1 8 2 2 1 2 1 0.7404
32 1 1 1 2 1 1 1 0.6902
33 2 2 2 2 1 2 1 2.6387
34 1 4 1 1 1 1 1 1.1864
35 1 4 1 2 1 1 1 0.6460
36 2 2 1 1 1 1 1 1.5803
37 3 6 2 2 1 2 1 0.5029
38 3 1 1 2 1 1 1 0.3162
39 3 5 1 1 1 1 1 0.6020
40 2 9 3 1 1 3 1 0.5615
41 1 1 3 2 1 3 1 1.0498
42 3 1 2 2 1 2 1 0.6938
43 3 1 3 1 1 3 1 0.5314
44 1 6 2 2 1 2 1 0.6261
45 1 8 3 2 1 3 1 0.7081
46 3 5 2 1 1 2 1 0.9270
47 3 5 3 2 1 3 1 1.0571
48 2 2 2 1 1 2 1 0.6130
49 1 8 3 1 1 3 1 1.4596
50 2 9 1 2 1 1 1 0.4556
51 3 7 3 2 1 3 1 0.6853
52 1 8 1 2 1 1 1 0.6346
53 3 7 2 2 1 2 1 0.6231
54 2 5 1 1 1 1 1 0.4999
55 3 5 3 1 1 3 1 0.6429
56 1 4 2 1 1 2 1 2.3157
57 2 2 3 1 1 3 1 0.7478
58 2 5 3 2 1 3 1 0.9476
59 1 4 3 1 1 3 1 1.1104
60 2 9 1 1 1 1 1 0.5996
61 2 5 2 1 1 2 1 0.6657
62 1 6 3 2 1 3 1 0.7038
63 1 6 1 1 1 1 1 0.9420
64 3 1 1 1 1 1 1 0.6036
65 1 1 2 1 1 2 1 0.5491
66 1 6 1 2 1 1 1 0.5353
