Ear: B
Audiogram left  : NA
Audiogram right : NA
# Keys:
# Consonant_ID  : d=1 g=2 l=3 f=4 th=5 jh=6 p=7 sh=8 t=9 
# Vowel_ID      : IH=1 EH=2 AE=3 
# F0_ID         : high_f0=1 low_f0=2 # Columns       : Trial Consonant_1_ID Consonant_2_ID Vowel_ID F0_ID Heard_Consonant Answer_vowel Correct Time_elapsed
1 1 4 3 1 1 2 0 1.4741
2 3 5 2 1 1 2 1 2.1758
3 1 6 2 2 1 2 1 1.2536
4 1 1 3 2 1 3 1 1.4728
5 3 5 2 2 1 2 1 1.7520
6 1 4 2 2 1 2 1 1.6867
7 2 2 1 1 1 1 1 39.0066
8 1 1 2 2 1 2 1 0.2947
9 3 6 3 1 1 3 1 0.7447
10 3 5 1 1 1 1 1 0.2485
11 3 5 1 2 1 1 1 1.3722
12 2 9 1 1 1 1 1 2.5448
13 2 5 2 2 1 2 1 0.9396
14 1 6 2 1 1 2 1 1.0241
15 1 8 3 1 1 3 1 0.7645
16 3 6 3 2 1 3 1 0.4292
17 2 2 2 2 1 2 1 0.4919
18 1 4 1 2 1 1 1 0.3400
19 2 9 3 2 1 3 1 0.1551
20 3 7 1 1 1 1 1 0.6678
21 1 4 1 1 1 1 1 0.7920
22 2 5 2 1 1 2 1 0.4401
23 1 6 3 2 1 3 1 0.5221
24 3 7 3 2 1 3 1 1.3240
25 3 5 3 1 1 3 1 0.9387
26 3 6 1 2 1 1 1 0.2658
27 1 1 1 1 1 1 1 0.5342
28 1 4 3 2 1 3 1 2.1176
29 3 1 3 2 1 3 1 0.4411
30 3 7 1 2 1 1 1 0.1948
31 1 1 1 2 1 1 1 0.7431
32 1 8 3 2 1 3 1 1.4117
33 2 9 3 1 1 3 1 0.7373
34 3 1 1 2 1 1 1 0.4287
35 1 8 2 1 1 2 1 0.6521
36 2 9 1 2 1 1 1 0.6950
37 1 6 1 2 1 1 1 1.0704
38 3 6 2 1 1 2 1 0.5193
39 3 7 2 2 1 2 1 0.7850
40 2 2 2 1 1 2 1 0.3161
41 1 6 3 1 1 3 1 0.5173
42 1 8 2 2 1 2 1 0.2921
43 2 9 2 2 1 2 1 0.3926
44 2 5 1 2 1 1 1 0.5159
45 3 1 3 1 1 3 1 0.5513
46 2 2 1 2 1 1 1 0.7266
47 1 8 1 1 1 1 1 0.6273
48 1 8 1 2 1 1 1 0.2468
49 3 1 2 2 1 2 1 0.2351
50 3 6 1 1 1 1 1 0.2260
51 2 2 3 2 1 3 1 1.4872
52 2 5 3 2 1 2 0 0.2462
53 2 5 3 1 1 3 1 1.8547
54 3 7 3 1 1 3 1 1.8626
55 3 6 2 2 1 2 1 0.8200
56 3 1 2 1 1 2 1 0.1773
57 1 4 2 1 1 2 1 0.8726
58 1 1 3 1 1 3 1 0.7980
59 2 2 3 1 1 3 1 0.7535
60 3 5 3 2 1 2 0 0.3886
61 1 1 2 1 1 2 1 0.2817
62 2 5 1 1 1 1 1 0.1960
63 3 1 1 1 1 1 1 0.3647
64 2 9 2 1 1 2 1 0.4509
65 3 7 2 1 1 2 1 2.9571
66 1 6 1 1 1 1 1 0.5522
