Ear: R
Audiogram left  : NA
Audiogram right : NA
# Keys:
# Consonant_ID  : d=1 g=2 l=3 f=4 th=5 jh=6 p=7 sh=8 t=9 
# Vowel_ID      : IH=1 EH=2 AE=3 
# F0_ID         : high_f0=1 low_f0=2 # Columns       : Trial Consonant_1_ID Consonant_2_ID Vowel_ID F0_ID Heard_Consonant Answer_vowel Correct Time_elapsed
1 3 5 2 2 1 2 1 0.3616
2 2 5 1 1 1 1 1 0.2752
3 3 6 3 1 1 3 1 0.4833
4 2 9 3 2 1 3 1 0.4986
5 3 1 1 1 1 1 1 0.5122
6 1 8 2 2 1 2 1 0.4573
7 1 6 1 1 1 1 1 0.4966
8 1 4 1 2 1 1 1 0.4986
9 3 5 3 2 1 3 1 1.7137
10 2 2 3 1 1 3 1 0.9389
11 1 1 2 2 1 2 1 0.6113
12 2 5 3 1 1 3 1 0.4405
13 2 2 1 2 1 1 1 0.6485
14 3 7 3 2 1 3 1 0.4741
15 2 5 3 2 1 2 0 0.5061
16 2 2 3 2 1 3 1 0.4091
17 1 6 2 2 1 2 1 0.8844
18 3 1 3 1 1 3 1 0.5436
19 3 6 3 2 1 3 1 0.4518
20 1 4 3 1 1 3 1 0.4607
21 3 7 3 1 1 3 1 0.4675
22 1 8 3 2 1 3 1 0.4068
23 1 4 2 1 1 2 1 0.4846
24 2 5 2 1 1 3 0 0.4527
25 2 9 1 2 1 1 1 0.4511
26 1 1 2 1 1 2 1 0.5499
27 2 9 1 1 1 1 1 0.4720
28 3 6 2 2 1 2 1 0.4728
29 1 4 2 2 1 2 1 0.6474
30 3 5 1 1 1 1 1 0.4941
31 1 1 3 1 1 3 1 0.4238
32 3 7 1 2 1 1 1 0.4320
33 2 5 1 2 1 1 1 0.4270
34 3 5 1 2 1 1 1 0.4221
35 2 2 1 1 1 1 1 1.5989
36 3 7 2 1 1 2 1 0.4907
37 2 5 2 2 1 2 1 0.2337
38 1 8 1 1 1 1 1 0.4334
39 3 6 1 2 1 1 1 0.4182
40 2 9 3 1 1 3 1 0.4810
41 1 8 1 2 1 1 1 0.4993
42 2 2 2 1 1 2 1 0.4880
43 2 2 2 2 1 2 1 0.4147
44 3 1 1 2 1 1 1 0.5543
45 3 5 2 1 1 2 1 0.5010
46 1 8 3 1 1 3 1 0.4014
47 1 4 1 1 1 1 1 0.4732
48 3 5 3 1 1 3 1 0.4515
49 1 6 3 1 1 3 1 0.4585
50 3 6 2 1 1 2 1 0.4818
51 3 6 1 1 1 1 1 0.5046
52 3 7 2 2 1 2 1 0.4812
53 1 6 2 1 1 2 1 0.5118
54 1 6 3 2 1 3 1 0.4568
55 1 1 3 2 1 3 1 0.4218
56 3 7 1 1 1 1 1 0.4626
57 1 1 1 1 1 1 1 0.4806
58 3 1 3 2 1 3 1 0.6909
59 1 8 2 1 1 2 1 0.4587
60 1 4 3 2 1 3 1 0.4711
61 3 1 2 1 1 2 1 0.9432
62 2 9 2 2 1 2 1 0.5229
63 3 1 2 2 1 2 1 0.5678
64 1 1 1 2 1 1 1 0.5102
65 1 6 1 2 1 1 1 0.5575
66 2 9 2 1 1 2 1 0.4517
