Ear: L
Audiogram left  : NA
Audiogram right : NA
# Keys:
# Consonant_ID  : d=1 g=2 l=3 f=4 th=5 jh=6 p=7 sh=8 t=9 
# Vowel_ID      : IH=1 EH=2 AE=3 
# F0_ID         : high_f0=1 low_f0=2 # Columns       : Trial Consonant_1_ID Consonant_2_ID Vowel_ID F0_ID Heard_Consonant Answer_vowel Correct Time_elapsed
1 2 5 1 1 1 1 1 1.4538
2 3 7 1 1 1 1 1 0.7070
3 1 4 2 2 1 2 1 0.7170
4 3 5 3 2 1 3 1 1.6474
5 1 6 2 2 1 2 1 0.5213
6 1 8 2 1 1 2 1 0.6235
7 1 1 3 2 1 3 1 0.8211
8 2 9 1 2 1 1 1 0.4281
9 2 2 3 2 1 3 1 0.5239
10 2 9 1 1 1 1 1 0.4755
11 1 1 1 1 1 1 1 0.5050
12 3 6 3 1 1 3 1 0.4941
13 3 6 3 2 1 3 1 0.7026
14 2 9 2 2 1 2 1 1.6260
15 3 6 2 1 1 2 1 0.9722
16 3 6 2 2 1 2 1 1.0422
17 2 2 3 1 1 3 1 0.4712
18 1 1 2 2 1 2 1 0.5197
19 1 6 1 1 1 1 1 0.6843
20 1 1 2 1 1 2 1 0.4606
21 1 4 1 2 1 1 1 0.5068
22 1 8 3 2 1 3 1 0.5893
23 2 2 1 1 1 1 1 1.3883
24 2 5 3 2 1 3 1 0.6006
25 3 5 3 1 1 3 1 0.5838
26 1 4 3 2 1 3 1 0.5040
27 1 4 2 1 1 2 1 0.5430
28 2 5 2 1 1 3 0 1.4859
29 2 5 1 2 1 1 1 0.3789
30 3 6 1 1 1 1 1 0.4891
31 1 8 1 2 1 1 1 0.5221
32 1 6 3 1 1 3 1 0.6022
33 2 9 3 2 1 3 1 0.4779
34 3 7 1 2 1 1 1 0.5330
35 1 8 3 1 1 3 1 1.0658
36 1 6 2 1 1 2 1 1.2040
37 1 8 1 1 1 1 1 0.5590
38 3 1 2 1 1 2 1 0.5530
39 3 7 3 1 1 3 1 0.5619
40 3 5 2 1 1 2 1 1.6711
41 3 1 2 2 1 2 1 0.6856
42 1 1 3 1 1 3 1 0.8293
43 3 1 3 2 1 3 1 0.5212
44 1 6 3 2 1 3 1 0.4920
45 3 7 2 1 1 2 1 0.6165
46 2 5 3 1 1 3 1 0.4405
47 1 4 1 1 1 1 1 0.5059
48 3 1 1 1 1 1 1 0.4915
49 2 2 2 1 1 2 1 0.4604
50 2 5 2 2 1 2 1 0.6028
51 1 6 1 2 1 1 1 0.4360
52 3 7 3 2 1 3 1 0.5710
53 3 1 1 2 1 1 1 0.5402
54 2 9 3 1 1 3 1 0.4385
55 3 1 3 1 1 3 1 0.0522
56 1 4 3 1 1 3 1 0.5936
57 3 5 2 2 1 2 1 3.2607
58 3 6 1 2 1 1 1 0.4690
59 2 2 2 2 1 2 1 0.5310
60 2 9 2 1 1 2 1 0.8698
61 2 2 1 2 1 1 1 1.0628
62 3 7 2 2 1 2 1 0.5945
63 1 1 1 2 1 1 1 0.4959
64 3 5 1 2 1 1 1 0.5982
65 3 5 1 1 1 1 1 0.4803
66 1 8 2 2 1 2 1 0.6598
