Ear: R
Audiogram left  : NA
Audiogram right : NA
# Keys:
# Consonant_ID  : d=1 g=2 l=3 f=4 th=5 jh=6 p=7 sh=8 t=9 
# Vowel_ID      : IH=1 EH=2 AE=3 
# F0_ID         : high_f0=1 low_f0=2 # Columns       : Trial Consonant_1_ID Consonant_2_ID Vowel_ID F0_ID Heard_Consonant Answer_vowel Correct Time_elapsed
1 1 6 1 2 1 1 1 0.9597
2 1 1 2 1 1 2 1 0.4211
3 1 1 3 2 1 3 1 0.4897
4 1 1 2 2 1 2 1 0.6203
5 2 9 1 1 1 1 1 0.5320
6 1 6 2 1 1 2 1 0.4664
7 3 6 3 1 1 3 1 0.5066
8 3 1 1 1 1 1 1 0.4615
9 3 5 2 1 1 2 1 0.5008
10 2 2 3 1 1 3 1 0.4821
11 1 1 1 2 1 1 1 0.4314
12 1 4 2 2 1 2 1 0.5066
13 2 9 3 1 1 3 1 0.4709
14 3 7 2 1 1 2 1 0.4209
15 3 1 3 2 1 3 1 0.4994
16 3 6 2 2 1 2 1 0.4681
17 1 4 3 2 1 3 1 0.6255
18 2 9 2 2 1 2 1 0.4825
19 3 6 2 1 1 2 1 0.5982
20 1 1 3 1 1 3 1 0.4684
21 1 8 2 1 1 2 1 0.6568
22 1 6 1 1 1 1 1 0.5138
23 3 5 3 1 1 3 1 0.5707
24 3 7 1 1 1 1 1 0.5828
25 3 5 1 2 1 1 1 0.5304
26 2 2 3 2 1 3 1 1.3194
27 2 5 2 1 1 2 1 0.4361
28 3 6 3 2 1 3 1 0.4579
29 3 1 3 1 1 3 1 0.4417
30 3 1 2 2 1 2 1 0.5245
31 2 2 2 2 1 2 1 0.4902
32 2 5 3 2 1 3 1 0.4102
33 2 5 3 1 1 3 1 0.4514
34 2 5 1 2 1 1 1 0.4876
35 3 7 2 2 1 2 1 0.4801
36 1 4 1 2 1 1 1 0.5004
37 1 6 3 2 1 3 1 0.4385
38 1 8 3 1 1 3 1 0.4948
39 1 1 1 1 1 1 1 0.4512
40 3 1 1 2 1 1 1 0.4703
41 1 8 2 2 1 2 1 0.4932
42 3 1 2 1 1 2 1 0.5106
43 3 7 1 2 1 1 1 0.4813
44 2 5 2 2 1 2 1 0.7854
45 1 4 3 1 1 3 1 1.1884
46 1 4 2 1 1 2 1 0.5720
47 3 5 2 2 1 2 1 0.5246
48 3 5 1 1 1 1 1 0.4102
49 2 9 2 1 1 2 1 0.5019
50 1 6 3 1 1 3 1 0.5029
51 3 6 1 1 1 1 1 0.4099
52 3 6 1 2 1 1 1 0.5900
53 1 8 1 2 1 1 1 0.4601
54 3 7 3 1 1 3 1 0.4984
55 2 9 3 2 1 3 1 0.4915
56 2 2 2 1 1 2 1 0.5112
57 3 5 3 2 1 2 0 1.3987
58 2 2 1 1 1 1 1 2.0958
59 2 2 1 2 1 1 1 2.4768
60 2 5 1 1 1 1 1 0.5150
61 3 7 3 2 1 3 1 0.5498
62 1 8 1 1 1 1 1 0.4631
63 1 6 2 2 1 2 1 0.4996
64 1 4 1 1 1 1 1 0.5068
65 1 8 3 2 1 3 1 0.5238
66 2 9 1 2 1 1 1 0.4499
