Ear: L
Audiogram left  : NA
Audiogram right : NA
# Keys:
# Consonant_ID  : d=1 g=2 l=3 f=4 th=5 jh=6 p=7 sh=8 t=9 
# Vowel_ID      : IH=1 EH=2 AE=3 
# F0_ID         : high_f0=1 low_f0=2 # Columns       : Trial Consonant_1_ID Consonant_2_ID Vowel_ID F0_ID Heard_Consonant Answer_vowel Correct Time_elapsed
1 3 1 1 2 1 2 0 2.7419
2 2 2 1 1 1 1 1 3.4428
3 3 5 2 1 1 2 1 1.7620
4 3 1 3 2 1 3 1 1.2388
5 3 6 2 1 1 2 1 1.7128
6 3 5 3 2 1 2 0 1.6607
7 3 1 2 1 1 2 1 1.7849
8 3 6 3 1 1 3 1 1.7690
9 2 2 3 1 1 3 1 1.3676
10 2 2 3 2 1 3 1 1.6866
11 2 9 2 2 1 2 1 3.9011
12 1 1 2 1 1 2 1 1.7611
13 1 4 1 1 1 1 1 1.8196
14 2 5 2 2 1 1 0 4.3077
15 1 6 1 1 1 1 1 1.9277
16 3 1 3 1 1 3 1 1.2585
17 1 8 1 2 1 1 1 2.0459
18 1 1 3 2 1 3 1 1.6405
19 2 9 2 1 1 3 0 5.4222
20 3 5 3 1 1 3 1 1.6260
21 2 5 3 2 1 3 1 1.6244
22 1 1 1 1 1 1 1 2.7406
23 1 1 3 1 1 3 1 1.4651
24 2 5 3 1 1 3 1 1.8386
25 1 8 3 2 1 3 1 1.3695
26 2 5 1 1 1 1 1 2.4832
27 3 7 2 2 1 2 1 2.2341
28 1 8 2 1 1 2 1 1.5078
29 3 1 2 2 1 2 1 1.8627
30 2 5 2 1 1 2 1 3.8420
31 2 2 1 2 1 2 0 2.8761
32 1 1 2 2 1 2 1 1.6043
33 1 4 2 2 1 2 1 1.7741
34 3 6 2 2 1 2 1 1.7059
35 3 1 1 1 1 1 1 1.2549
36 2 9 1 2 1 1 1 1.4954
37 3 7 1 2 1 1 1 1.5545
38 2 5 1 2 1 1 1 1.9501
39 1 1 1 2 1 1 1 2.5460
40 1 4 2 1 1 3 0 2.4583
41 3 7 1 1 1 1 1 1.6347
42 1 6 2 2 1 2 1 1.5203
43 3 5 2 2 1 2 1 1.5718
44 2 2 2 2 1 2 1 1.7672
45 1 8 2 2 1 2 1 2.6230
46 1 6 1 2 1 1 1 1.4082
47 1 4 3 1 1 3 1 1.6431
48 3 5 1 1 1 1 1 1.5065
49 3 6 3 2 1 3 1 1.2308
50 2 2 2 1 1 2 1 4.1151
51 2 9 3 1 1 3 1 2.4655
52 1 4 3 2 1 3 1 1.8333
53 3 7 3 2 1 3 1 1.5651
54 3 6 1 2 1 1 1 2.1476
55 1 8 3 1 1 3 1 1.3288
56 3 6 1 1 1 1 1 1.4508
57 1 6 2 1 1 2 1 0.7761
58 2 9 3 2 1 3 1 2.0024
59 3 7 3 1 1 3 1 1.9514
60 3 7 2 1 1 2 1 1.5186
61 1 4 1 2 1 1 1 1.0314
62 1 6 3 2 1 3 1 1.4373
63 2 9 1 1 1 1 1 0.8928
64 1 8 1 1 1 1 1 1.9014
65 3 5 1 2 1 1 1 1.7317
66 1 6 3 1 1 3 1 1.5800
