Ear: B
Audiogram left  : NA
Audiogram right : NA
# Keys:
# Consonant_ID  : d=1 g=2 l=3 f=4 th=5 jh=6 p=7 sh=8 t=9 
# Vowel_ID      : IH=1 EH=2 AE=3 
# F0_ID         : high_f0=1 low_f0=2 # Columns       : Trial Consonant_1_ID Consonant_2_ID Vowel_ID F0_ID Heard_Consonant Answer_vowel Correct Time_elapsed
1 3 1 2 1 1 2 1 2.7880
2 1 4 2 2 1 2 1 2.9857
3 3 1 2 2 1 2 1 1.1547
4 2 5 2 2 1 2 1 1.8302
5 2 5 1 2 1 1 1 0.3080
6 3 5 2 1 1 2 1 1.5896
7 1 1 1 2 1 2 0 1.8043
8 1 1 2 1 1 2 1 1.5162
9 2 2 3 2 1 3 1 1.5526
10 2 5 3 2 1 3 1 1.9902
11 1 6 2 2 1 2 1 1.4004
12 3 7 2 2 1 2 1 3.7018
13 1 4 3 2 1 2 0 1.5181
14 1 4 3 1 1 2 0 1.6759
15 1 1 3 1 1 2 0 1.8462
16 3 6 1 2 1 2 0 1.8060
17 3 6 2 1 1 2 1 0.7683
18 1 6 3 2 1 3 1 1.3887
19 1 8 3 1 1 3 1 1.2460
20 3 1 1 1 1 1 1 1.0402
21 1 8 2 1 1 1 0 2.5277
22 2 9 3 2 1 3 1 0.9847
23 2 9 1 1 1 1 1 1.2419
24 2 9 1 2 1 2 0 0.9434
25 3 7 3 1 1 2 0 1.7617
26 3 1 1 2 1 2 0 2.0451
27 2 2 1 2 1 1 1 0.6776
28 2 2 2 1 1 2 1 1.1622
29 2 9 2 1 1 2 1 1.7222
30 3 5 3 1 1 3 1 0.7183
31 2 2 2 2 1 1 0 1.0430
32 3 1 3 1 1 3 1 1.2435
33 1 8 1 2 1 1 1 1.2055
34 3 6 3 2 1 3 1 1.3511
35 3 6 3 1 1 2 0 1.0613
36 3 7 1 1 1 1 1 1.2784
37 3 6 1 1 1 1 1 1.3959
38 3 1 3 2 1 3 1 1.3780
39 1 8 2 2 1 2 1 0.8254
40 1 1 2 2 1 2 1 1.1188
41 1 1 1 1 1 1 1 1.0203
42 3 5 3 2 1 3 1 0.9288
43 3 6 2 2 1 2 1 0.7465
44 3 5 1 2 1 1 1 0.7546
45 3 5 2 2 1 2 1 0.8181
46 1 6 2 1 1 2 1 1.1320
47 1 6 1 2 1 1 1 0.8448
48 1 4 2 1 1 2 1 1.3514
49 2 5 2 1 1 3 0 2.4985
50 1 1 3 2 1 3 1 1.6368
51 1 4 1 1 1 1 1 1.7445
52 3 5 1 1 1 1 1 1.8081
53 2 9 2 2 1 2 1 0.8993
54 2 2 3 1 1 3 1 1.3565
55 1 4 1 2 1 1 1 1.6016
56 3 7 1 2 1 1 1 1.6316
57 2 9 3 1 1 3 1 1.5316
58 1 6 3 1 1 3 1 1.8145
59 3 7 2 1 1 2 1 1.5385
60 2 5 3 1 1 3 1 1.6130
61 3 7 3 2 1 3 1 1.8634
62 1 8 1 1 1 1 1 1.3058
63 1 8 3 2 1 3 1 1.3878
64 1 6 1 1 1 1 1 1.7475
65 2 5 1 1 1 1 1 0.9517
66 2 2 1 1 1 1 1 1.8245
