Ear: R
Audiogram left  : NA
Audiogram right : NA
# Keys:
# Consonant_ID  : d=1 g=2 l=3 f=4 th=5 jh=6 p=7 sh=8 t=9 
# Vowel_ID      : IH=1 EH=2 AE=3 
# F0_ID         : high_f0=1 low_f0=2 # Columns       : Trial Consonant_1_ID Consonant_2_ID Vowel_ID F0_ID Heard_Consonant Answer_vowel Correct Time_elapsed
1 1 4 1 1 1 1 1 2.3463
2 3 6 2 1 1 2 1 1.7211
3 1 6 1 1 1 1 1 1.9936
4 3 6 3 1 1 3 1 1.3818
5 3 5 1 2 1 1 1 1.3067
6 1 4 1 2 1 1 1 1.6029
7 1 4 2 2 1 2 1 2.5134
8 3 7 2 1 1 2 1 2.6903
9 2 2 2 2 1 2 1 2.4833
10 3 7 3 2 1 3 1 2.5381
11 3 1 1 2 1 1 1 1.2747
12 1 1 2 2 1 2 1 1.1367
13 3 7 2 2 1 2 1 1.9407
14 1 4 2 1 1 2 1 1.8179
15 3 6 1 1 1 1 1 2.1767
16 2 2 3 2 1 3 1 0.8183
17 2 5 1 2 1 1 1 0.9229
18 3 1 2 1 1 2 1 1.8864
19 1 1 1 1 1 1 1 1.7033
20 1 8 3 1 1 3 1 1.2935
21 3 5 2 2 1 2 1 1.7524
22 1 1 2 1 1 2 1 1.4807
23 1 8 2 2 1 2 1 2.2496
24 2 2 2 1 1 2 1 1.1098
25 3 5 1 1 1 1 1 1.0448
26 3 5 3 1 1 3 1 0.6181
27 1 8 1 2 1 1 1 1.4593
28 2 5 2 1 1 3 0 1.6995
29 1 6 2 2 1 2 1 1.1115
30 3 6 2 2 1 2 1 2.4041
31 3 1 3 2 1 3 1 0.7945
32 3 1 2 2 1 2 1 1.4218
33 3 5 2 1 1 1 0 1.8014
34 1 8 3 2 1 3 1 0.8853
35 2 9 1 1 1 1 1 1.2285
36 3 5 3 2 1 2 0 1.4133
37 3 7 1 2 1 1 1 0.8611
38 1 6 2 1 1 2 1 1.3355
39 1 6 3 1 1 3 1 0.7848
40 2 2 3 1 1 3 1 1.5956
41 3 1 3 1 1 3 1 1.5605
42 1 6 1 2 1 1 1 1.5508
43 3 6 3 2 1 3 1 2.0119
44 2 5 2 2 1 1 0 7.6349
45 2 9 3 2 1 3 1 0.7939
46 1 6 3 2 1 3 1 0.6645
47 2 2 1 1 1 1 1 1.6075
48 1 1 3 1 1 3 1 1.4463
49 2 5 3 1 1 3 1 1.6354
50 1 4 3 2 1 3 1 2.5798
51 2 5 3 2 1 3 1 2.7743
52 2 9 3 1 1 3 1 1.9057
53 3 1 1 1 1 1 1 1.0500
54 2 9 2 2 1 2 1 0.9801
55 3 7 1 1 1 1 1 1.2037
56 2 2 1 2 1 1 1 1.6320
57 1 8 1 1 1 1 1 1.5110
58 3 7 3 1 1 3 1 0.9515
59 1 4 3 1 1 3 1 1.2965
60 1 1 3 2 1 3 1 1.3617
61 2 9 1 2 1 1 1 1.0351
62 2 5 1 1 1 1 1 1.2554
63 1 1 1 2 1 1 1 1.9312
64 2 9 2 1 1 2 1 1.2218
65 1 8 2 1 1 2 1 1.3337
66 3 6 1 2 1 1 1 1.0093
