Ear: L
Audiogram left  : NA
Audiogram right : NA
# Keys:
# Consonant_ID  : d=1 g=2 l=3 f=4 th=5 jh=6 p=7 sh=8 t=9 
# Vowel_ID      : IH=1 EH=2 AE=3 
# F0_ID         : high_f0=1 low_f0=2 # Columns       : Trial Consonant_1_ID Consonant_2_ID Vowel_ID F0_ID Heard_Consonant Answer_vowel Correct Time_elapsed
1 1 8 1 2 1 1 1 0.7283
2 1 8 2 2 1 2 1 1.0670
3 3 7 1 1 1 1 1 1.5019
4 3 5 3 1 1 3 1 2.5237
5 3 1 2 2 1 2 1 2.0921
6 2 9 1 1 1 1 1 1.9851
7 3 5 2 1 1 2 1 1.8072
8 1 1 3 2 1 3 1 1.7504
9 3 6 2 1 1 2 1 1.5327
10 1 6 1 1 1 1 1 1.8491
11 3 5 1 2 1 1 1 1.5345
12 3 5 3 2 1 2 0 1.7720
13 3 1 3 1 1 3 1 1.8783
14 1 8 1 1 1 1 1 2.3072
15 1 6 3 1 1 3 1 1.5744
16 3 6 3 1 1 3 1 1.6112
17 1 4 2 2 1 2 1 2.0939
18 3 7 3 1 1 3 1 2.7437
19 2 2 1 1 1 1 1 2.0305
20 1 6 2 2 1 2 1 0.9707
21 1 1 2 2 1 2 1 1.7966
22 2 2 1 2 1 1 1 1.7362
23 1 6 2 1 1 2 1 1.7280
24 3 6 1 1 1 1 1 1.5866
25 2 9 3 1 1 3 1 1.7686
26 1 8 2 1 1 2 1 1.8362
27 2 9 1 2 1 1 1 1.3224
28 2 9 2 2 1 2 1 1.4068
29 1 4 2 1 1 2 1 1.7163
30 3 6 1 2 1 2 0 1.8386
31 1 1 2 1 1 2 1 1.5801
32 1 1 3 1 1 3 1 1.7485
33 1 4 1 1 1 1 1 1.2413
34 3 7 2 1 1 2 1 1.0915
35 2 5 3 1 1 3 1 1.3236
36 3 7 3 2 1 3 1 1.2674
37 2 5 3 2 1 3 1 1.3681
38 1 8 3 1 1 3 1 1.2794
39 1 6 3 2 1 3 1 1.3260
40 1 8 3 2 1 3 1 1.3578
41 1 6 1 2 1 1 1 1.7854
42 3 1 1 2 1 1 1 1.6832
43 1 4 1 2 1 1 1 1.4683
44 1 4 3 1 1 3 1 1.5460
45 1 1 1 1 1 1 1 1.9068
46 3 5 1 1 1 1 1 1.5090
47 3 6 2 2 1 2 1 1.4901
48 3 1 3 2 1 3 1 1.4232
49 2 5 1 2 1 1 1 1.5423
50 1 1 1 2 1 2 0 2.8712
51 2 2 3 2 1 3 1 1.4015
52 2 2 2 2 1 2 1 1.7291
53 3 1 2 1 1 2 1 1.7491
54 2 5 2 2 1 2 1 1.4315
55 2 9 3 2 1 3 1 1.6109
56 1 4 3 2 1 3 1 1.5980
57 3 7 1 2 1 1 1 1.1958
58 2 9 2 1 1 2 1 2.4012
59 2 5 1 1 1 1 1 1.8894
60 2 2 3 1 1 3 1 2.6393
61 3 1 1 1 1 1 1 2.3943
62 2 2 2 1 1 2 1 3.5023
63 2 5 2 1 1 3 0 2.7367
64 3 7 2 2 1 2 1 1.6390
65 3 6 3 2 1 3 1 1.2980
66 3 5 2 2 1 2 1 1.6330
