Ear: R
Sound system: Babyface + MixCube
Audiogram left input: NA
Audiogram right input: NA
vowID vowF0 answer correct time_elapsed
  6   3   6   1 0.7028
  4   3   4   1 0.8747
  5   3   5   1 0.5781
  2   2   2   1 0.8435
  2   2   2   1 0.7183
  1   3   1   1 0.9839
  5   2   5   1 1.2342
  5   1   5   1 0.7186
  5   3   6   0 1.1091
  3   3   3   1 0.6874
  6   3   6   1 0.9372
  6   1   6   1 1.7654
  5   1   5   1 0.6715
  4   1   4   1 0.9840
  6   3   6   1 0.7180
  2   3   2   1 0.7494
  3   3   3   1 0.6559
  2   1   2   1 0.7497
  3   2   3   1 0.6559
  1   2   1   1 0.9373
  5   2   5   1 0.6090
  1   1   1   1 0.9844
  1   1   1   1 0.7813
  2   1   2   1 0.7809
  1   2   1   1 0.8902
  6   2   6   1 0.6404
  2   1   2   1 0.7968
  4   1   4   1 0.7813
  1   1   1   1 0.9216
  6   3   6   1 0.7185
  5   1   5   1 0.5622
  3   1   3   1 0.7184
  2   3   2   1 0.7029
  6   1   6   1 0.6714
  4   1   4   1 0.9842
  4   2   4   1 0.7188
  1   3   1   1 0.8903
  2   3   2   1 0.7185
  1   3   1   1 1.0154
  5   2   5   1 0.5465
  3   1   3   1 0.7500
  2   2   2   1 0.8281
  3   3   3   1 0.8122
  1   2   1   1 1.2812
  3   1   3   1 0.7341
  3   2   3   1 0.7500
  5   2   5   1 0.6716
  6   1   6   1 1.2495
  4   3   4   1 0.8432
  4   3   4   1 0.6716
  1   3   1   1 0.8590
  6   2   6   1 0.6242
  6   2   6   1 0.5621
  4   2   4   1 0.8125
  5   3   5   1 1.0153
  4   3   4   1 0.8745
  2   3   2   1 0.7185
  2   2   2   1 0.7339
  3   2   3   1 0.9997
  3   1   3   1 0.8590
  5   3   5   1 0.5153
  5   1   5   1 0.8746
  3   3   3   1 0.8432
  2   1   2   1 0.7026
  1   2   1   1 1.1563
  6   2   6   1 0.6872
  4   2   4   1 0.8279
  1   1   1   1 0.9376
  6   1   6   1 0.6871
  3   2   3   1 0.7498
  4   2   4   1 0.8278
  4   1   4   1 0.8124
