Ear: L
Sound system: Babyface + MixCube
Audiogram left input: NA
Audiogram right input: NA
vowID vowF0 answer correct time_elapsed
  2   3   2   1 0.9686
  6   2   6   1 0.6718
  3   2   3   1 0.7340
  1   1   1   1 1.6560
  2   1   2   1 0.8123
  4   1   4   1 0.7652
  1   2   1   1 0.9998
  4   3   4   1 0.9838
  1   2   1   1 1.0466
  5   3   5   1 0.6247
  3   3   3   1 0.7969
  1   2   1   1 1.2340
  3   1   3   1 0.7652
  6   1   6   1 0.6722
  4   1   4   1 0.8435
  5   3   5   1 0.8276
  6   1   6   1 0.7185
  4   3   4   1 1.2966
  3   2   3   1 0.8591
  1   1   1   1 1.0465
  6   3   6   1 0.6092
  3   3   3   1 0.7028
  4   1   4   1 0.8592
  4   2   4   1 0.9214
  1   3   1   1 1.1404
  2   2   2   1 0.8279
  4   2   4   1 1.4371
  3   3   3   1 0.9060
  1   3   1   1 1.0934
  6   2   6   1 0.6404
  2   2   2   1 0.7653
  2   1   2   1 0.8593
  3   1   3   1 0.6874
  5   1   5   1 0.7185
  6   1   6   1 0.6246
  5   2   5   1 0.8747
  2   3   2   1 1.1248
  3   2   3   1 0.7027
  6   1   6   1 1.3903
  4   1   4   1 1.0465
  4   2   4   1 0.9063
  2   1   2   1 0.7807
  6   3   6   1 0.6559
  2   2   2   1 0.8745
  2   2   2   1 0.7182
  1   1   1   1 1.2966
  5   2   5   1 0.9528
  6   2   6   1 0.8279
  3   1   3   1 0.7183
  6   2   6   1 0.8122
  6   3   6   1 0.7182
  5   1   5   1 0.7653
  2   3   2   1 0.9058
  4   3   4   1 0.8902
  4   3   4   1 0.7497
  1   1   1   1 0.8591
  5   2   5   1 0.6870
  1   3   1   1 0.9993
  5   1   5   1 0.7809
  3   1   3   1 0.7653
  2   1   2   1 0.6559
  2   3   2   1 0.8593
  5   1   5   1 0.7813
  5   2   5   1 0.6717
  3   2   3   1 0.6872
  6   3   6   1 0.7494
  1   2   1   1 0.8429
  1   3   1   1 0.8276
  4   2   4   1 0.8435
  3   3   3   1 0.7182
  5   3   5   1 0.5307
  5   3   5   1 0.6716
