Ear: B
Audiogram left  : NA
Audiogram right : NA
# Keys:
# Consonant_ID  : d=1 g=2 l=3 f=4 th=5 jh=6 p=7 sh=8 t=9 
# Vowel_ID      : IH=1 EH=2 AE=3 
# F0_ID         : high_f0=1 low_f0=2 # Columns       : Trial Consonant_1_ID Consonant_2_ID Vowel_ID F0_ID Heard_Consonant Answer_vowel Correct Time_elapsed
1 3 5 2 2 1 2 1 1.6078
2 1 6 1 1 1 1 1 1.6004
3 3 1 3 2 1 3 1 1.3280
4 1 4 3 2 1 3 1 1.6008
5 1 1 3 1 1 3 1 1.6160
6 2 9 1 2 1 1 1 1.2645
7 1 4 1 2 1 1 1 1.3782
8 1 6 2 2 1 2 1 1.6162
9 3 6 2 2 1 2 1 1.7759
10 2 5 1 1 1 1 1 1.4950
11 3 7 1 2 1 1 1 1.6540
12 3 1 3 1 1 3 1 2.0033
13 1 1 2 2 1 2 1 1.9094
14 2 9 1 1 1 1 1 2.1196
15 3 7 1 1 1 1 1 2.5036
16 1 6 3 1 1 3 1 2.2506
17 2 5 3 2 1 3 1 1.8349
18 1 4 2 1 1 2 1 2.2740
19 1 6 1 2 1 1 1 2.1901
20 1 4 1 1 1 1 1 2.6832
21 2 2 1 2 1 1 1 2.6663
22 3 6 1 2 1 1 1 2.0897
23 2 2 2 2 1 2 1 2.2550
24 3 6 3 1 1 3 1 2.3858
25 3 5 3 2 1 3 1 3.2732
26 3 6 2 1 1 2 1 2.9740
27 3 5 2 1 1 2 1 3.1180
28 1 8 1 2 1 1 1 2.4028
29 2 5 2 2 1 2 1 2.5913
30 1 1 2 1 1 2 1 2.1403
31 3 1 1 1 1 1 1 2.5890
32 3 5 1 2 1 1 1 2.5457
33 2 5 1 2 1 1 1 2.8084
34 2 2 2 1 1 2 1 1.6428
35 3 7 2 2 1 2 1 2.1598
36 1 8 1 1 1 1 1 2.4944
37 3 5 3 1 1 3 1 2.4209
38 2 5 2 1 1 3 0 2.3039
39 1 6 3 2 1 3 1 2.2019
40 2 9 2 2 1 2 1 2.3574
41 1 8 2 1 1 2 1 3.1701
42 3 7 3 2 1 3 1 2.3433
43 2 2 1 1 1 1 1 2.4217
44 2 2 3 2 1 3 1 1.5880
45 2 2 3 1 1 3 1 1.8785
46 3 1 2 2 1 2 1 3.3468
47 1 6 2 1 1 2 1 2.4256
48 3 1 1 2 1 1 1 2.2178
49 1 8 3 2 1 3 1 2.2570
50 3 6 1 1 1 1 1 2.9747
51 1 8 2 2 1 2 1 3.2825
52 3 7 3 1 1 3 1 2.8444
53 1 8 3 1 1 3 1 2.4283
54 3 1 2 1 1 2 1 3.4542
55 1 1 3 2 1 3 1 2.8264
56 2 9 3 2 1 3 1 1.7332
57 1 4 3 1 1 3 1 3.1491
58 2 5 3 1 1 3 1 2.1767
59 1 4 2 2 1 2 1 2.5967
60 2 9 3 1 1 3 1 2.1173
61 2 9 2 1 1 2 1 2.2705
62 3 5 1 1 1 1 1 2.2282
63 1 1 1 1 1 1 1 2.3164
64 1 1 1 2 1 2 0 1.4429
65 3 7 2 1 1 2 1 1.4922
66 3 6 3 2 1 3 1 1.8287
