Ear: B
Sound system: Babyface + MixCube
Audiogram left input: NA
Audiogram right input: NA
vowID vowF0 answer correct time_elapsed
  6   3   6   1 4.6086
  4   1   4   1 1.1716
  6   3   6   1 1.9999
  1   2   1   1 1.3590
  3   1   3   1 0.7340
  2   1   2   1 0.6090
  6   2   6   1 0.7809
  2   1   2   1 0.8748
  1   1   1   1 0.9995
  2   1   2   1 1.1560
  1   3   1   1 2.8124
  6   1   6   1 1.6092
  5   2   5   1 1.5309
  5   3   6   0 2.2654
  5   2   5   1 1.5621
  4   2   1   0 0.7808
  3   2   3   1 1.8901
  6   1   6   1 0.9841
  6   3   6   1 1.7965
  3   3   3   1 0.8591
  2   3   2   1 0.9842
  5   1   5   1 1.5154
  6   2   6   1 0.9841
  1   2   1   1 0.9063
  3   3   3   1 0.6870
  5   3   5   1 0.8280
  4   3   4   1 0.9840
  2   2   2   1 0.9059
  1   1   1   1 1.2028
  6   2   6   1 1.3433
  1   3   1   1 0.9841
  2   2   2   1 0.9216
  5   2   5   1 1.0157
  3   2   3   1 0.6559
  4   3   1   0 0.9057
  2   3   2   1 3.0934
  4   2   4   1 0.9529
  1   1   1   1 0.7032
  1   1   1   1 1.3437
  5   1   5   1 1.6088
  2   3   2   1 0.7967
  3   1   3   1 0.6403
  2   2   2   1 0.7026
  1   2   1   1 1.8905
  2   2   2   1 0.7340
  6   1   6   1 1.1247
  6   2   6   1 0.7972
  3   2   3   1 0.5779
  3   2   3   1 0.5779
  5   1   5   1 0.9838
  3   1   3   1 0.7811
  5   2   5   1 0.8435
  6   3   6   1 0.9061
  3   3   3   1 0.6870
  4   1   4   1 1.7656
  5   1   5   1 1.3902
  2   3   2   1 0.8279
  5   3   5   1 0.8124
  4   3   4   1 2.0310
  3   1   3   1 0.9528
  5   3   5   1 1.0939
  4   1   4   1 1.2811
  1   2   1   1 1.5781
  4   3   4   1 1.5157
  3   3   3   1 0.8279
  1   3   1   1 1.5151
  2   1   2   1 1.0465
  6   1   6   1 1.2342
  4   2   4   1 1.2341
  1   3   1   1 1.4528
  4   1   4   1 1.2650
  4   2   4   1 0.7340
