Ear: L
Sound system: Babyface + MixCube
Audiogram left input: NA
Audiogram right input: NA
vowID vowF0 answer correct time_elapsed
  1   2   1   1 2.0466
  3   2   3   1 0.8912
  5   2   6   0 1.8903
  5   1   5   1 4.1719
  1   1   1   1 1.0312
  2   1   2   1 0.9056
  4   3   4   1 1.4686
  6   1   6   1 0.9215
  4   3   4   1 1.1245
  3   1   3   1 0.7028
  6   2   6   1 0.9061
  4   2   4   1 1.4216
  6   3   6   1 2.5622
  6   2   6   1 1.3278
  2   2   2   1 1.0469
  1   1   1   1 1.3436
  4   3   4   1 1.1248
  1   3   1   1 1.2809
  5   2   5   1 1.0935
  5   1   5   1 1.7341
  2   1   2   1 0.9060
  3   2   3   1 0.8123
  2   1   2   1 1.2028
  5   1   5   1 1.0781
  2   3   2   1 1.3437
  4   2   4   1 1.0308
  3   1   3   1 0.8120
  6   1   6   1 0.9841
  5   3   5   1 0.9057
  2   3   2   1 0.9528
  5   3   5   1 0.9997
  1   3   1   1 1.2498
  1   3   1   1 0.8902
  2   2   2   1 0.8280
  2   2   2   1 0.8432
  4   1   4   1 0.9687
  6   1   6   1 0.7809
  5   2   5   1 0.6095
  1   2   1   1 1.0781
  4   1   4   1 0.8897
  5   2   5   1 0.6248
  4   1   4   1 0.8120
  3   3   3   1 0.8275
  3   1   3   1 1.0003
  3   3   3   1 0.8591
  4   3   4   1 0.9216
  3   2   3   1 0.9219
  6   1   6   1 0.6717
  1   3   1   1 1.0935
  3   3   3   1 0.7654
  3   3   3   1 0.6559
  3   1   3   1 0.7339
  1   1   1   1 1.5619
  1   2   1   1 1.0625
  2   3   2   1 0.9370
  5   3   5   1 0.6560
  2   2   2   1 0.9839
  4   2   4   1 0.8903
  4   1   4   1 0.8121
  1   1   1   1 0.9210
  5   1   5   1 0.7188
  6   3   6   1 0.9217
  1   2   1   1 0.9684
  6   2   6   1 0.7651
  4   2   4   1 1.2498
  6   3   6   1 0.7966
  6   2   6   1 0.9057
  5   3   5   1 0.6407
  6   3   6   1 0.7966
  2   1   2   1 0.7496
  2   3   2   1 0.8905
  3   2   3   1 0.7181
