Ear: B
Sound system: Babyface + MixCube
Audiogram left input: NA
Audiogram right input: NA
vowID vowF0 answer correct time_elapsed
  4   1   4   1 1.9217
  3   3   3   1 1.0621
  4   3   4   1 1.0153
  6   3   6   1 1.4525
  1   3   1   1 1.2188
  3   3   3   1 1.2345
  3   1   3   1 2.5930
  2   3   2   1 0.8120
  1   2   1   1 0.9368
  1   3   1   1 1.8121
  1   2   1   1 2.9842
  2   3   2   1 0.9215
  6   3   6   1 0.8279
  3   2   3   1 0.8902
  6   3   6   1 1.7967
  2   1   2   1 0.9529
  5   2   5   1 0.8591
  6   2   6   1 1.5777
  3   2   3   1 0.8591
  1   1   1   1 1.0935
  6   2   6   1 1.2337
  5   1   5   1 0.7499
  3   1   3   1 0.8904
  6   1   5   0 0.9685
  5   2   5   1 0.9996
  5   2   5   1 0.8431
  6   1   6   1 0.9684
  6   3   6   1 1.4216
  1   3   1   1 1.2655
  1   1   1   1 1.4367
  2   2   2   1 0.7810
  2   2   2   1 0.8751
  2   1   2   1 1.0155
  5   1   5   1 1.1091
  6   1   6   1 0.9682
  4   3   4   1 1.0935
  3   2   3   1 0.8594
  4   1   4   1 1.0001
  4   2   4   1 0.9058
  4   2   4   1 0.8278
  3   3   3   1 0.9216
  5   3   5   1 1.1402
  1   2   1   1 0.9372
  1   2   1   1 0.9376
  4   3   4   1 1.4685
  1   1   1   1 0.9840
  1   1   1   1 0.7339
  2   2   2   1 0.9527
  2   2   2   1 0.7027
  3   1   3   1 1.0624
  5   1   5   1 1.0307
  2   3   2   1 1.5303
  2   1   2   1 1.6871
  4   1   4   1 1.1872
  4   2   4   1 1.1400
  4   3   4   1 1.2813
  2   1   2   1 1.0779
  6   1   6   1 1.4215
  5   1   5   1 0.8279
  4   1   4   1 1.2497
  1   3   1   1 1.4060
  3   3   3   1 0.9372
  4   2   4   1 1.0621
  3   2   3   1 0.7188
  5   2   5   1 0.7496
  5   3   5   1 1.3278
  6   2   6   1 1.1716
  2   3   2   1 1.4214
  5   3   5   1 1.0624
  6   2   6   1 0.8590
  5   3   5   1 1.1718
  3   1   3   1 0.7340
