Ear: B
Audiogram left  : NA
Audiogram right : NA
# Keys:
# Consonant_ID  : d=1 g=2 l=3 f=4 th=5 jh=6 p=7 sh=8 t=9 
# Vowel_ID      : IH=1 EH=2 AE=3 
# F0_ID         : high_f0=1 low_f0=2 
# Columns       : Trial Con1 Con2 V1 V2 F01 F02 Ans1V Ans2V Ans3V Ans1C Ans2C Ans3C OneType BothOK RT
1 2 5 1 3 1 2 1 3 -1 1 1 0 0 1 110.7678
2 3 1 3 1 2 2 1 3 -1 1 1 0 0 1 12.5561
3 1 6 3 1 2 2 1 3 -1 1 0 0 0 1 7.6632
4 1 1 3 1 1 1 1 3 -1 1 0 0 0 1 7.0918
5 3 7 3 3 2 2 3 -1 -1 1 0 0 1 1 1.3389
6 2 9 1 3 1 2 1 3 -1 1 0 0 0 1 18.1280
7 3 1 1 3 1 2 1 3 -1 1 1 0 0 1 11.4085
8 3 7 3 1 1 2 1 3 -1 1 0 0 0 1 7.6561
9 1 1 1 3 1 1 1 3 -1 1 0 0 0 1 13.0498
10 1 1 3 1 1 2 1 3 -1 1 0 0 0 1 5.9209
11 1 6 1 1 1 2 1 2 -1 1 1 0 0 0 14.1521
12 1 4 1 3 1 2 1 3 -1 1 0 0 0 1 21.0004
13 3 7 3 3 1 2 3 2 -1 1 0 0 0 0 11.4000
14 2 2 1 1 1 2 1 1 -1 1 0 0 1 1 10.5165
15 1 6 1 3 1 2 3 1 -1 1 1 0 0 1 10.1966
16 3 1 1 1 1 2 1 1 -1 1 0 0 1 1 13.0030
17 1 4 3 3 1 2 3 2 -1 1 1 0 0 0 11.2769
18 2 9 3 1 1 1 1 3 -1 1 0 0 0 1 10.1960
19 3 1 3 1 1 1 1 3 -1 1 0 0 0 1 6.7876
20 2 9 1 3 1 1 1 3 -1 1 0 0 0 1 11.5598
21 3 6 1 3 1 1 1 3 -1 1 0 0 0 1 10.9424
22 1 1 1 1 1 2 1 2 -1 1 0 0 0 0 10.6651
23 2 2 1 3 2 2 2 3 -1 1 0 0 0 0 15.7261
24 1 4 3 1 1 2 1 3 -1 1 1 0 0 1 4.3203
25 1 8 1 3 2 2 1 3 -1 1 0 0 0 1 10.7342
26 1 1 3 1 2 2 1 3 -1 1 0 0 0 1 9.7627
27 3 6 2 2 1 2 2 -1 -1 1 0 0 1 1 9.3420
28 3 6 2 2 1 1 2 -1 -1 1 0 0 1 1 1.7222
29 2 2 2 2 1 2 2 2 -1 1 0 0 1 1 11.0445
30 2 5 2 2 2 2 2 -1 -1 1 0 0 1 1 5.2533
31 3 1 3 1 1 2 1 3 -1 1 1 0 0 1 8.7892
32 2 5 1 3 2 2 3 1 -1 1 1 0 0 1 4.7104
33 1 4 3 1 2 2 1 3 -1 1 0 0 0 1 13.1915
34 3 1 3 3 1 2 3 2 -1 1 0 0 0 0 8.9686
35 2 2 1 3 1 1 1 3 -1 1 0 0 0 1 10.8301
36 1 1 2 2 1 2 2 2 -1 1 0 0 1 1 10.2365
37 1 6 1 3 2 2 1 3 -1 1 0 0 0 1 14.9880
38 2 2 3 1 2 2 1 3 -1 1 1 0 0 1 10.1257
39 1 8 3 1 1 2 1 3 -1 1 0 0 0 1 8.5805
40 3 5 2 2 1 2 2 1 -1 1 1 0 0 0 8.3683
41 3 5 3 1 1 1 1 3 -1 1 0 0 0 1 7.4231
42 2 5 3 1 2 2 1 3 -1 1 0 0 0 1 9.4292
43 3 7 1 3 2 2 1 2 -1 1 0 0 0 0 4.2362
44 1 8 1 1 1 2 1 -1 -1 1 0 0 1 1 5.1979
45 3 5 3 3 1 2 3 3 -1 1 0 0 1 1 8.9980
46 2 5 1 3 1 1 1 3 -1 1 0 0 0 1 6.7085
47 3 5 3 1 1 2 1 3 -1 1 0 0 0 1 15.9661
48 1 4 2 2 1 1 2 -1 -1 1 0 0 1 1 3.3586
49 1 4 3 1 1 1 1 3 -1 1 0 0 0 1 14.4554
50 2 2 3 1 1 2 1 3 -1 1 1 0 0 1 5.9857
51 3 1 1 3 2 2 3 1 -1 1 1 0 0 1 14.9462
52 3 5 1 1 1 2 1 -1 -1 1 0 0 1 1 12.6686
53 3 1 1 3 1 1 3 1 -1 1 1 0 0 1 10.2263
54 2 2 3 3 1 2 3 -1 -1 1 0 0 1 1 10.5998
55 1 6 2 2 1 2 2 1 -1 1 1 0 0 0 5.7554
56 3 5 3 1 2 2 1 3 -1 1 0 0 0 1 9.1124
57 3 6 3 1 2 2 1 3 -1 1 0 0 0 1 8.8168
58 3 7 1 3 1 2 3 1 -1 1 0 0 0 1 9.9928
59 1 6 3 3 1 2 3 1 -1 1 1 0 0 0 5.7590
60 2 2 1 3 1 2 1 -1 -1 1 0 0 1 0 14.5098
61 2 9 2 2 1 2 2 1 -1 1 0 0 0 0 10.4369
62 2 9 1 3 2 2 1 3 -1 1 0 0 0 1 15.6022
63 2 9 3 3 1 2 3 -1 -1 1 0 0 1 1 12.1523
64 1 1 3 3 1 2 3 2 -1 1 0 0 0 0 10.8022
65 3 5 3 3 1 1 3 -1 -1 1 0 0 1 1 8.0159
66 2 9 3 1 1 2 1 3 -1 1 0 0 0 1 8.8975
67 3 1 2 2 1 2 1 2 -1 1 0 0 0 0 6.9496
68 1 8 1 3 1 2 1 3 -1 1 0 0 0 1 9.6539
69 1 6 1 3 1 1 1 3 -1 1 0 0 0 1 10.7644
70 1 1 1 3 2 2 1 3 -1 1 0 0 0 1 11.3086
71 3 7 3 1 1 1 1 3 -1 1 1 0 0 1 13.8016
72 1 6 1 1 1 1 1 -1 -1 1 0 0 1 1 4.0035
73 3 6 3 1 1 2 1 3 -1 1 0 0 0 1 5.9574
74 1 1 1 3 1 2 1 3 -1 1 0 0 0 1 5.8336
75 3 7 2 2 1 2 2 2 -1 1 0 0 1 1 5.2055
76 1 8 3 1 2 2 1 3 -1 1 0 0 0 1 7.3697
77 3 6 1 3 1 2 1 3 -1 1 0 0 0 1 10.2627
78 3 7 3 3 1 1 3 -1 -1 1 0 0 1 1 1.2679
79 2 9 3 1 2 2 1 3 -1 1 0 0 0 1 12.1902
80 3 6 1 3 2 2 1 3 -1 1 0 0 0 1 9.4774
81 3 6 3 3 1 2 3 3 -1 1 0 0 1 1 8.2881
82 2 9 1 1 1 1 1 -1 -1 1 0 0 1 1 4.1442
83 3 7 1 3 1 1 1 3 -1 1 0 0 0 1 10.9232
84 2 5 1 1 1 2 1 2 -1 1 1 0 0 0 7.5164
85 1 4 1 3 1 1 1 3 -1 1 0 0 0 1 11.2703
86 1 8 1 3 1 1 3 1 -1 1 0 0 0 1 8.6009
87 3 7 1 1 1 1 1 -1 -1 1 0 0 1 1 2.0493
88 3 6 1 1 1 2 1 -1 -1 1 0 0 1 1 8.6236
89 2 5 3 1 1 1 1 3 -1 1 0 0 0 1 7.9817
90 2 5 3 3 1 2 3 -1 -1 1 0 0 1 1 3.4711
91 3 6 3 1 1 1 1 3 -1 1 0 0 0 1 7.5272
92 1 4 1 3 2 2 1 3 -1 1 0 0 0 1 8.5703
93 2 9 1 1 1 2 1 -1 -1 1 0 0 1 1 3.7522
94 1 6 3 1 1 2 1 3 -1 1 1 0 0 1 8.3573
95 1 8 3 1 1 1 1 3 -1 1 0 0 0 1 8.6858
96 2 5 2 2 1 2 3 -1 -1 1 0 0 1 0 7.3334
97 3 5 1 3 2 2 1 3 -1 1 1 0 0 1 6.3954
98 2 5 3 1 1 2 1 3 -1 1 0 0 0 1 12.1225
99 1 8 3 3 1 2 3 -1 -1 1 0 0 1 1 6.8089
100 1 4 1 1 1 2 1 -1 -1 1 0 0 1 1 7.7705
101 1 4 2 2 1 2 2 -1 -1 1 0 0 1 1 4.0125
102 3 7 1 1 1 2 1 -1 -1 1 0 0 1 1 5.8717
103 2 9 2 2 2 2 2 -1 -1 1 0 0 1 1 3.1424
104 3 7 3 1 2 2 1 3 -1 1 0 0 0 1 6.8757
105 1 8 2 2 1 2 2 -1 -1 1 0 0 1 1 1.3925
106 3 5 1 3 1 1 1 3 -1 1 0 0 0 1 9.1834
107 2 2 3 1 1 1 1 2 -1 1 1 0 0 0 5.5493
108 1 6 3 1 1 1 1 3 -1 1 0 0 0 1 8.9891
109 2 5 3 3 1 1 3 -1 -1 1 0 0 1 1 1.5346
110 3 5 1 3 1 2 1 3 -1 1 0 0 0 1 5.1640
