Ear: R
Audiogram left  : NA
Audiogram right : NA
# Keys:
# Consonant_ID  : d=1 g=2 l=3 f=4 th=5 jh=6 p=7 sh=8 t=9 
# Vowel_ID      : IH=1 EH=2 AE=3 
# F0_ID         : high_f0=1 low_f0=2 # Columns       : Trial Consonant_1_ID Consonant_2_ID Vowel_ID F0_ID Heard_Consonant Answer_vowel Correct Time_elapsed
1 2 5 2 2 1 2 1 2.6073
2 3 6 3 2 1 3 1 1.8724
3 2 9 1 1 1 1 1 1.3980
4 1 4 1 2 1 1 1 1.6412
5 1 1 2 2 1 2 1 1.6572
6 1 8 3 2 1 3 1 1.7746
7 1 8 3 1 1 3 1 1.7566
8 3 6 2 1 1 2 1 1.7501
9 3 5 2 2 1 2 1 2.3785
10 3 6 2 2 1 2 1 1.6926
11 1 1 1 1 1 1 1 3.8121
12 1 1 3 2 1 3 1 2.1621
13 3 7 1 2 1 1 1 1.7790
14 3 5 1 1 1 1 1 1.7723
15 1 8 2 1 1 2 1 1.1430
16 3 5 2 1 1 2 1 1.7406
17 1 6 2 1 1 2 1 1.5499
18 1 6 1 2 1 1 1 1.4870
19 3 1 1 1 1 1 1 1.6414
20 3 7 1 1 1 1 1 1.6883
21 3 6 1 2 1 1 1 1.6753
22 2 2 3 2 1 3 1 1.3242
23 1 4 2 1 1 2 1 1.4523
24 3 6 1 1 1 1 1 1.6171
25 3 5 1 2 1 1 1 0.9083
26 2 5 1 1 1 1 1 1.6819
27 1 6 1 1 1 1 1 1.4748
28 1 6 3 1 1 3 1 1.2453
29 2 5 3 1 1 3 1 1.5389
30 2 5 2 1 1 2 1 2.8839
31 2 9 2 2 1 2 1 1.3993
32 2 9 2 1 1 2 1 1.0346
33 3 1 1 2 1 1 1 1.4072
34 3 1 3 1 1 3 1 1.2890
35 3 6 3 1 1 3 1 1.3463
36 3 5 3 2 1 2 0 1.3591
37 3 7 2 2 1 2 1 1.0988
38 2 2 3 1 1 3 1 1.3726
39 1 6 2 2 1 2 1 0.8490
40 3 7 3 2 1 3 1 1.1801
41 3 7 2 1 1 2 1 1.0507
42 2 2 2 1 1 1 0 1.1416
43 1 4 3 1 1 3 1 1.3144
44 1 6 3 2 1 3 1 1.1935
45 1 1 3 1 1 3 1 1.3779
46 2 5 1 2 1 1 1 1.0685
47 2 9 1 2 1 1 1 1.0783
48 1 1 1 2 1 1 1 1.1144
49 1 8 1 2 1 1 1 1.7769
50 2 2 2 2 1 2 1 0.7875
51 2 2 1 2 1 2 0 1.1574
52 3 1 2 1 1 2 1 0.8178
53 1 8 1 1 1 1 1 0.8275
54 1 4 1 1 1 1 1 1.0655
55 3 1 2 2 1 2 1 1.3295
56 1 4 2 2 1 2 1 1.6759
57 2 5 3 2 1 3 1 1.3918
58 2 2 1 1 1 1 1 1.3525
59 1 8 2 2 1 2 1 1.7875
60 2 9 3 2 1 3 1 1.8330
61 1 1 2 1 1 2 1 2.2589
62 3 7 3 1 1 3 1 1.8977
63 2 9 3 1 1 3 1 1.6019
64 1 4 3 2 1 3 1 1.8217
65 3 1 3 2 1 3 1 2.0541
66 3 5 3 1 1 3 1 2.2513
