Ear: R
Sound system: Babyface + MixCube
Audiogram left input: NA
Audiogram right input: NA
vowID vowF0 answer correct time_elapsed
  5   3   6   0 0.7185
  1   1   1   1 0.8904
  3   1   3   1 0.6560
  6   2   6   1 0.9841
  1   3   1   1 0.7809
  5   2   5   1 0.4841
  4   1   4   1 1.2032
  2   2   2   1 0.7032
  3   2   3   1 0.6873
  3   2   3   1 0.6559
  4   3   4   1 1.2653
  6   3   6   1 0.7651
  3   2   3   1 0.5938
  2   3   2   1 0.7654
  1   3   1   1 1.2340
  2   2   2   1 0.7654
  1   2   1   1 1.6245
  5   1   5   1 0.7497
  4   1   4   1 0.9998
  5   1   5   1 0.6866
  3   1   3   1 0.7500
  1   3   1   1 0.9840
  4   2   4   1 0.9059
  2   3   2   1 1.1871
  2   1   2   1 1.1405
  3   1   3   1 0.6716
  5   3   6   0 0.8282
  6   3   6   1 0.9529
  2   3   2   1 1.4686
  3   3   3   1 0.7497
  5   2   5   1 0.5777
  4   1   4   1 1.4999
  5   2   5   1 0.6559
  2   1   2   1 0.7029
  3   3   3   1 0.7029
  6   2   6   1 0.6404
  5   1   5   1 0.5153
  6   3   6   1 0.6560
  2   2   2   1 0.7498
  6   1   6   1 0.5935
  5   2   5   1 0.6870
  1   1   1   1 1.1555
  2   1   2   1 0.7654
  1   3   1   1 1.3125
  1   1   1   1 1.0623
  4   2   4   1 0.8435
  4   3   4   1 0.8906
  1   2   1   1 1.0935
  6   1   6   1 0.7183
  4   1   4   1 1.1247
  6   1   6   1 0.7342
  5   3   5   1 0.5466
  1   2   1   1 1.0934
  3   3   3   1 0.7340
  1   2   1   1 0.9994
  4   3   4   1 0.9216
  5   1   5   1 0.6091
  2   3   2   1 0.8434
  6   1   6   1 1.4217
  5   3   5   1 0.6404
  3   1   3   1 0.8277
  1   1   1   1 1.2340
  2   2   2   1 0.7187
  3   2   3   1 0.7498
  3   3   3   1 0.7497
  6   2   6   1 0.7185
  6   3   6   1 1.3278
  6   2   6   1 0.6717
  4   2   4   1 0.9522
  2   1   2   1 0.8590
  4   3   4   1 0.8745
  4   2   4   1 0.8907
