Ear: B
Audiogram left  : NA
Audiogram right : NA
# Keys:
# Consonant_ID  : d=1 g=2 l=3 f=4 th=5 jh=6 p=7 sh=8 t=9 
# Vowel_ID      : IH=1 EH=2 AE=3 
# F0_ID         : high_f0=1 low_f0=2 # Columns       : Trial Consonant_1_ID Consonant_2_ID Vowel_ID F0_ID Heard_Consonant Answer_vowel Correct Time_elapsed
1 1 6 1 2 1 1 1 2.8400
2 1 6 3 1 1 3 1 1.6310
3 1 8 1 2 1 1 1 1.1853
4 2 5 1 2 1 1 1 1.5401
5 3 1 3 2 1 3 1 1.2299
6 1 1 1 2 1 2 0 1.8245
7 3 6 2 2 1 2 1 1.3071
8 3 7 1 1 1 1 1 1.2645
9 1 6 1 1 1 1 1 1.5775
10 3 1 2 1 1 2 1 1.3122
11 1 8 1 1 1 1 1 1.1349
12 1 4 3 2 1 2 0 2.3770
13 1 4 1 1 1 1 1 3.0472
14 1 4 3 1 1 2 0 0.9727
15 3 7 3 2 1 3 1 1.3316
16 1 4 2 2 1 2 1 1.3562
17 1 8 2 2 1 2 1 2.9554
18 3 5 2 2 1 2 1 1.6717
19 2 9 2 1 1 2 1 1.2203
20 3 5 3 2 1 2 0 1.5231
21 3 7 3 1 1 3 1 1.2542
22 2 2 2 2 1 1 0 3.1472
23 1 6 2 2 1 2 1 3.3530
24 2 2 2 1 1 2 1 2.3948
25 2 5 3 1 1 3 1 1.0962
26 2 5 3 2 1 3 1 0.9945
27 3 5 3 1 1 3 1 1.0525
28 2 9 3 1 1 3 1 1.0447
29 3 5 1 1 1 1 1 0.7585
30 2 9 1 1 1 1 1 0.9750
31 1 8 3 2 1 3 1 1.2570
32 2 2 3 1 1 3 1 0.9734
33 2 5 1 1 1 1 1 0.9811
34 1 6 3 2 1 3 1 0.9746
35 2 9 2 2 1 2 1 0.9276
36 1 6 2 1 1 2 1 1.4165
37 1 8 2 1 1 2 1 1.2150
38 2 2 1 1 1 1 1 0.7827
39 2 2 1 2 1 1 1 1.1904
40 2 5 2 1 1 3 0 0.9729
41 1 1 2 2 1 2 1 0.6928
42 3 6 1 2 1 1 1 1.7130
43 1 4 2 1 1 2 1 1.2628
44 1 1 3 2 1 3 1 1.1004
45 1 1 3 1 1 3 1 1.4785
46 2 9 1 2 1 1 1 1.2970
47 2 5 2 2 1 2 1 1.4228
48 3 5 2 1 1 2 1 1.8102
49 2 2 3 2 1 3 1 1.4424
50 1 1 2 1 1 2 1 2.1781
51 3 1 1 2 1 1 1 1.3930
52 1 1 1 1 1 1 1 1.6077
53 3 6 3 2 1 3 1 1.8538
54 3 6 2 1 1 2 1 1.1504
55 3 7 2 1 1 2 1 1.5335
56 2 9 3 2 1 3 1 1.4047
57 3 6 1 1 1 1 1 1.2746
58 3 1 2 2 1 2 1 1.7081
59 3 1 3 1 1 3 1 1.4513
60 3 6 3 1 1 3 1 1.5237
61 1 8 3 1 1 3 1 1.3079
62 3 1 1 1 1 1 1 1.1228
63 3 7 2 2 1 2 1 1.4701
64 3 5 1 2 1 1 1 1.7498
65 1 4 1 2 1 1 1 1.2660
66 3 7 1 2 1 1 1 1.2048
