Ear: B
Audiogram left  : NA
Audiogram right : NA
# Keys:
# Consonant_ID  : d=1 g=2 l=3 f=4 th=5 jh=6 p=7 sh=8 t=9 
# Vowel_ID      : IH=1 EH=2 AE=3 
# F0_ID         : high_f0=1 low_f0=2 
# Columns       : Trial Con1 Con2 V1 V2 F01 F02 Ans1V Ans2V Ans3V Ans1C Ans2C Ans3C OneType BothOK RT
1 2 5 1 3 1 2 1 3 -1 1 0 0 0 1 11.3364
2 3 1 3 1 2 2 3 1 -1 0 1 0 0 1 4.9541
3 1 6 3 1 2 2 1 -1 -1 1 0 0 1 0 9.6582
4 1 1 3 1 1 1 1 3 -1 1 0 0 0 1 3.7226
5 3 7 3 3 2 2 3 -1 -1 1 0 0 1 1 2.1948
6 2 9 1 3 1 2 1 3 -1 1 0 0 0 1 10.2553
7 3 1 1 3 1 2 1 3 -1 1 0 0 0 1 6.8197
8 3 7 3 1 1 2 1 2 -1 1 0 0 0 0 9.6206
9 1 1 1 3 1 1 2 3 -1 1 0 0 0 0 2.7138
10 1 1 3 1 1 2 1 2 -1 1 0 0 0 0 5.9720
11 1 6 1 1 1 2 1 -1 -1 1 0 0 1 1 9.1122
12 1 4 1 3 1 2 3 2 -1 1 0 0 0 0 8.7593
13 3 7 3 3 1 2 3 -1 -1 1 0 0 1 1 2.1872
14 2 2 1 1 1 2 1 -1 -1 1 0 0 1 1 3.3261
15 1 6 1 3 1 2 1 3 -1 1 0 0 0 1 11.4258
16 3 1 1 1 1 2 1 2 -1 1 1 0 0 0 13.4741
17 1 4 3 3 1 2 3 -1 -1 1 0 0 1 1 2.6672
18 2 9 3 1 1 1 2 3 -1 1 0 0 0 0 8.1424
19 3 1 3 1 1 1 1 3 -1 1 0 0 0 1 3.6437
20 2 9 1 3 1 1 1 3 -1 1 0 0 0 1 10.5997
21 3 6 1 3 1 1 1 3 -1 1 0 0 0 1 4.2399
22 1 1 1 1 1 2 2 1 -1 1 0 0 0 0 6.4848
23 2 2 1 3 2 2 1 3 -1 1 0 0 0 1 10.9429
24 1 4 3 1 1 2 1 3 -1 1 0 0 0 1 8.7835
25 1 8 1 3 2 2 3 1 -1 1 0 0 0 1 3.8911
26 1 1 3 1 2 2 2 3 -1 1 0 0 0 0 4.8704
27 3 6 2 2 1 2 2 -1 -1 1 0 0 1 1 5.8829
28 3 6 2 2 1 1 2 -1 -1 1 0 0 1 1 1.1391
29 2 2 2 2 1 2 2 -1 -1 1 0 0 1 1 2.5158
30 2 5 2 2 2 2 2 -1 -1 1 0 0 1 1 7.1813
31 3 1 3 1 1 2 1 3 -1 1 0 0 0 1 6.2968
32 2 5 1 3 2 2 3 1 -1 1 0 0 0 1 3.0754
33 1 4 3 1 2 2 1 3 -1 1 0 0 0 1 6.2310
34 3 1 3 3 1 2 3 -1 -1 1 0 0 1 1 2.3484
35 2 2 1 3 1 1 1 3 -1 1 0 0 0 1 7.3802
36 1 1 2 2 1 2 2 2 -1 1 0 0 1 1 4.0941
37 1 6 1 3 2 2 1 3 -1 1 0 0 0 1 3.9385
38 2 2 3 1 2 2 1 3 -1 1 0 0 0 1 8.6876
39 1 8 3 1 1 2 1 3 -1 1 0 0 0 1 6.7206
40 3 5 2 2 1 2 2 -1 -1 1 0 0 1 1 4.2174
41 3 5 3 1 1 1 1 2 -1 1 0 0 0 0 11.8087
42 2 5 3 1 2 2 1 3 -1 1 0 0 0 1 9.8155
43 3 7 1 3 2 2 3 1 -1 1 0 0 0 1 7.6072
44 1 8 1 1 1 2 1 -1 -1 1 0 0 1 1 2.3056
45 3 5 3 3 1 2 3 -1 -1 1 0 0 1 1 7.0718
46 2 5 1 3 1 1 1 3 -1 1 0 0 0 1 8.6806
47 3 5 3 1 1 2 1 2 -1 1 1 0 0 0 13.6204
48 1 4 2 2 1 1 2 -1 -1 1 0 0 1 1 2.6503
49 1 4 3 1 1 1 1 3 -1 1 0 0 0 1 4.3022
50 2 2 3 1 1 2 1 3 -1 1 0 0 0 1 7.4103
51 3 1 1 3 2 2 1 2 -1 1 0 0 0 0 10.1603
52 3 5 1 1 1 2 1 -1 -1 1 0 0 1 1 2.6924
53 3 1 1 3 1 1 3 1 -1 1 0 0 0 1 8.3672
54 2 2 3 3 1 2 3 -1 -1 1 0 0 1 1 18.7625
55 1 6 2 2 1 2 2 -1 -1 1 0 0 1 1 2.3758
56 3 5 3 1 2 2 1 3 -1 1 0 0 0 1 4.8683
57 3 6 3 1 2 2 1 3 -1 1 0 0 0 1 6.9764
58 3 7 1 3 1 2 3 1 -1 1 0 0 0 1 4.0641
59 1 6 3 3 1 2 3 2 -1 1 1 0 0 0 3.3904
60 2 2 1 3 1 2 1 3 -1 1 1 0 0 1 9.3821
61 2 9 2 2 1 2 2 -1 -1 1 0 0 1 1 2.4925
62 2 9 1 3 2 2 3 1 -1 1 0 0 0 1 3.5926
63 2 9 3 3 1 2 3 -1 -1 1 0 0 1 1 2.0579
64 1 1 3 3 1 2 3 3 -1 1 0 0 1 1 6.7171
65 3 5 3 3 1 1 2 -1 -1 1 0 0 1 0 6.3498
66 2 9 3 1 1 2 1 3 -1 1 0 0 0 1 11.3889
67 3 1 2 2 1 2 2 1 -1 1 0 0 0 0 5.5055
68 1 8 1 3 1 2 1 2 -1 1 1 0 0 0 7.3933
69 1 6 1 3 1 1 2 3 -1 1 0 0 0 0 2.8700
70 1 1 1 3 2 2 3 1 -1 1 0 0 0 1 2.7192
71 3 7 3 1 1 1 1 3 -1 1 0 0 0 1 4.2324
72 1 6 1 1 1 1 2 -1 -1 1 0 0 1 0 2.5434
73 3 6 3 1 1 2 1 2 -1 1 0 0 0 0 11.9566
74 1 1 1 3 1 2 2 3 -1 1 0 0 0 0 7.3291
75 3 7 2 2 1 2 2 -1 -1 1 0 0 1 1 6.0605
76 1 8 3 1 2 2 2 3 -1 1 0 0 0 0 9.8611
77 3 6 1 3 1 2 2 3 -1 1 0 0 0 0 7.6565
78 3 7 3 3 1 1 3 -1 -1 1 0 0 1 1 2.0022
79 2 9 3 1 2 2 1 3 -1 1 0 0 0 1 7.6586
80 3 6 1 3 2 2 2 3 -1 1 0 0 0 0 7.4877
81 3 6 3 3 1 2 3 -1 -1 1 0 0 1 1 2.3151
82 2 9 1 1 1 1 1 -1 -1 1 0 0 1 1 5.1429
83 3 7 1 3 1 1 3 1 -1 1 0 0 0 1 3.7521
84 2 5 1 1 1 2 1 -1 -1 1 0 0 1 1 3.1875
85 1 4 1 3 1 1 3 2 -1 1 0 0 0 0 5.9011
86 1 8 1 3 1 1 2 1 -1 1 0 0 0 0 11.8129
87 3 7 1 1 1 1 1 -1 -1 1 0 0 1 1 5.3518
88 3 6 1 1 1 2 1 -1 -1 1 0 0 1 1 6.8325
89 2 5 3 1 1 1 1 3 -1 1 0 0 0 1 8.1903
90 2 5 3 3 1 2 3 -1 -1 1 0 0 1 1 2.3638
91 3 6 3 1 1 1 1 2 -1 1 1 0 0 0 8.8952
92 1 4 1 3 2 2 2 3 -1 1 0 0 0 0 8.2143
93 2 9 1 1 1 2 2 -1 -1 1 0 0 1 0 5.8566
94 1 6 3 1 1 2 1 3 -1 1 1 0 0 1 7.9661
95 1 8 3 1 1 1 1 2 -1 1 0 0 0 0 12.2556
96 2 5 2 2 1 2 3 -1 -1 1 0 0 1 0 8.2068
97 3 5 1 3 2 2 3 1 -1 1 0 0 0 1 3.8712
98 2 5 3 1 1 2 1 3 -1 1 0 0 0 1 6.4676
99 1 8 3 3 1 2 3 -1 -1 1 0 0 1 1 2.1870
100 1 4 1 1 1 2 1 -1 -1 1 0 0 1 1 2.4861
101 1 4 2 2 1 2 2 -1 -1 1 0 0 1 1 2.3772
102 3 7 1 1 1 2 1 -1 -1 1 0 0 1 1 2.2210
103 2 9 2 2 2 2 2 -1 -1 1 0 0 1 1 2.1799
104 3 7 3 1 2 2 1 3 -1 1 0 0 0 1 3.1122
105 1 8 2 2 1 2 2 -1 -1 1 0 0 1 1 3.4588
106 3 5 1 3 1 1 1 3 -1 1 0 0 0 1 7.3963
107 2 2 3 1 1 1 1 3 -1 1 1 0 0 1 9.4521
108 1 6 3 1 1 1 1 2 -1 1 1 0 0 0 10.5899
109 2 5 3 3 1 1 3 -1 -1 1 0 0 1 1 2.6133
110 3 5 1 3 1 2 1 3 -1 1 0 0 0 1 6.9120
