Ear: B
Audiogram left  : NA
Audiogram right : NA
# Keys:
# Consonant_ID  : d=1 g=2 l=3 f=4 th=5 jh=6 p=7 sh=8 t=9 
# Vowel_ID      : IH=1 EH=2 AE=3 
# F0_ID         : high_f0=1 low_f0=2 
# Columns       : Trial Con1 Con2 V1 V2 F01 F02 Ans1V Ans2V Ans3V Ans1C Ans2C Ans3C OneType BothOK RT
1 2 5 1 3 1 2 1 3 -1 1 0 0 0 1 13.7694
2 3 1 3 1 2 2 1 2 -1 1 0 0 0 0 16.3708
3 1 6 3 1 2 2 1 3 -1 1 0 0 0 1 10.4346
4 1 1 3 1 1 1 1 3 -1 1 0 0 0 1 5.1176
5 3 7 3 3 2 2 3 -1 -1 1 0 0 1 1 0.9774
6 2 9 1 3 1 2 3 1 -1 1 1 0 0 1 15.2573
7 3 1 1 3 1 2 1 3 -1 1 1 0 0 1 15.6130
8 3 7 3 1 1 2 1 3 -1 1 0 0 0 1 10.2208
9 1 1 1 3 1 1 1 3 -1 1 0 0 0 1 3.5218
10 1 1 3 1 1 2 1 3 -1 1 0 0 0 1 3.8491
11 1 6 1 1 1 2 2 1 -1 1 1 0 0 0 4.1328
12 1 4 1 3 1 2 3 1 -1 0 1 0 0 1 9.9024
13 3 7 3 3 1 2 3 -1 -1 1 0 0 1 1 2.6028
14 2 2 1 1 1 2 1 -1 -1 1 0 0 1 1 4.6163
15 1 6 1 3 1 2 3 1 -1 1 1 0 0 1 4.6353
16 3 1 1 1 1 2 1 2 -1 1 0 0 0 0 6.3742
17 1 4 3 3 1 2 3 -1 -1 1 0 0 1 1 2.9662
18 2 9 3 1 1 1 1 3 -1 1 0 0 0 1 12.9034
19 3 1 3 1 1 1 1 3 -1 1 1 0 0 1 4.8070
20 2 9 1 3 1 1 3 2 -1 1 1 0 0 0 10.4253
21 3 6 1 3 1 1 1 3 -1 1 0 0 0 1 9.5706
22 1 1 1 1 1 2 1 2 -1 1 0 0 0 0 8.3096
23 2 2 1 3 2 2 1 3 -1 1 1 0 0 1 9.0677
24 1 4 3 1 1 2 1 3 -1 1 1 0 0 1 7.6071
25 1 8 1 3 2 2 1 3 -1 1 0 0 0 1 8.3152
26 1 1 3 1 2 2 1 3 -1 1 0 0 0 1 6.5880
27 3 6 2 2 1 2 2 -1 -1 1 0 0 1 1 7.4024
28 3 6 2 2 1 1 2 -1 -1 1 0 0 1 1 0.9093
29 2 2 2 2 1 2 2 -1 -1 1 0 0 1 1 2.7631
30 2 5 2 2 2 2 2 -1 -1 1 0 0 1 1 2.9050
31 3 1 3 1 1 2 1 3 -1 1 0 0 0 1 12.7555
32 2 5 1 3 2 2 3 1 -1 1 0 0 0 1 11.8873
33 1 4 3 1 2 2 1 2 -1 1 1 0 0 0 11.6604
34 3 1 3 3 1 2 3 -1 -1 1 0 0 1 1 1.9490
35 2 2 1 3 1 1 1 3 -1 1 0 0 0 1 8.2055
36 1 1 2 2 1 2 2 2 -1 1 0 0 1 1 2.6951
37 1 6 1 3 2 2 1 3 -1 1 0 0 0 1 6.1010
38 2 2 3 1 2 2 1 3 -1 1 1 0 0 1 11.2510
39 1 8 3 1 1 2 1 3 -1 1 0 0 0 1 5.4566
40 3 5 2 2 1 2 2 -1 -1 1 0 0 1 1 0.5484
41 3 5 3 1 1 1 1 -1 -1 1 0 0 1 0 0.7019
42 2 5 3 1 2 2 1 -1 -1 1 0 0 1 0 0.9896
43 3 7 1 3 2 2 3 1 -1 1 0 0 0 1 7.4206
44 1 8 1 1 1 2 1 -1 -1 1 0 0 1 1 3.2372
45 3 5 3 3 1 2 3 -1 -1 1 0 0 1 1 4.5259
46 2 5 1 3 1 1 1 2 -1 1 1 0 0 0 7.8086
47 3 5 3 1 1 2 1 3 -1 1 0 0 0 1 7.0456
48 1 4 2 2 1 1 2 -1 -1 1 0 0 1 1 2.4417
49 1 4 3 1 1 1 1 2 -1 1 1 0 0 0 11.7624
50 2 2 3 1 1 2 1 3 -1 1 0 0 0 1 7.9562
51 3 1 1 3 2 2 2 1 -1 1 0 0 0 0 8.4768
52 3 5 1 1 1 2 1 -1 -1 1 0 0 1 1 3.3647
53 3 1 1 3 1 1 1 3 -1 1 0 0 0 1 3.7856
54 2 2 3 3 1 2 3 -1 -1 1 0 0 1 1 6.5343
55 1 6 2 2 1 2 2 -1 -1 1 0 0 1 1 2.5400
56 3 5 3 1 2 2 1 3 -1 1 1 0 0 1 10.6841
57 3 6 3 1 2 2 3 1 -1 0 1 0 0 1 6.5156
58 3 7 1 3 1 2 3 1 -1 1 0 0 0 1 10.6236
59 1 6 3 3 1 2 3 2 -1 1 1 0 0 0 10.3244
60 2 2 1 3 1 2 1 1 -1 1 0 0 1 0 11.2674
61 2 9 2 2 1 2 2 -1 -1 1 0 0 1 1 7.0278
62 2 9 1 3 2 2 3 1 -1 1 1 0 0 1 6.2048
63 2 9 3 3 1 2 3 -1 -1 1 0 0 1 1 2.0543
64 1 1 3 3 1 2 3 2 -1 1 0 0 0 0 6.2573
65 3 5 3 3 1 1 2 -1 -1 1 0 0 1 0 4.0515
66 2 9 3 1 1 2 1 3 -1 1 0 0 0 1 9.1285
67 3 1 2 2 1 2 2 -1 -1 1 0 0 1 1 8.4209
68 1 8 1 3 1 2 1 3 -1 1 0 0 0 1 7.3429
69 1 6 1 3 1 1 1 3 -1 1 0 0 0 1 7.5710
70 1 1 1 3 2 2 3 1 -1 1 0 0 0 1 4.5469
71 3 7 3 1 1 1 1 3 -1 1 0 0 0 1 6.7495
72 1 6 1 1 1 1 2 -1 -1 1 0 0 1 0 6.2951
73 3 6 3 1 1 2 2 3 -1 1 0 0 0 0 6.0156
74 1 1 1 3 1 2 2 3 -1 1 0 0 0 0 2.7985
75 3 7 2 2 1 2 2 -1 -1 1 0 0 1 1 2.3605
76 1 8 3 1 2 2 1 1 -1 1 0 0 1 0 6.2042
77 3 6 1 3 1 2 1 3 -1 1 0 0 0 1 11.0929
78 3 7 3 3 1 1 3 -1 -1 1 0 0 1 1 0.7217
79 2 9 3 1 2 2 2 3 -1 1 0 0 0 0 4.7954
80 3 6 1 3 2 2 2 2 -1 1 0 0 1 0 11.0277
81 3 6 3 3 1 2 3 3 -1 1 0 0 1 1 4.6507
82 2 9 1 1 1 1 2 -1 -1 1 0 0 1 0 2.4628
83 3 7 1 3 1 1 3 1 -1 1 0 0 0 1 4.0067
84 2 5 1 1 1 2 1 -1 -1 1 0 0 1 1 3.0299
85 1 4 1 3 1 1 3 2 -1 1 0 0 0 0 4.1853
86 1 8 1 3 1 1 3 2 -1 0 1 0 0 0 7.7401
87 3 7 1 1 1 1 2 -1 -1 1 0 0 1 0 4.1849
88 3 6 1 1 1 2 2 -1 -1 1 0 0 1 0 6.6772
89 2 5 3 1 1 1 1 3 -1 1 0 0 0 1 4.6159
90 2 5 3 3 1 2 3 -1 -1 1 0 0 1 1 1.9370
91 3 6 3 1 1 1 2 1 -1 1 0 0 0 0 7.6289
92 1 4 1 3 2 2 1 3 -1 1 0 0 0 1 4.4542
93 2 9 1 1 1 2 1 -1 -1 1 0 0 1 1 5.6521
94 1 6 3 1 1 2 1 3 -1 1 0 0 0 1 12.0529
95 1 8 3 1 1 1 1 2 -1 1 0 0 0 0 10.7882
96 2 5 2 2 1 2 3 -1 -1 1 0 0 1 0 8.5603
97 3 5 1 3 2 2 2 3 -1 1 0 0 0 0 3.2540
98 2 5 3 1 1 2 1 3 -1 1 0 0 0 1 6.4501
99 1 8 3 3 1 2 3 -1 -1 1 0 0 1 1 6.5793
100 1 4 1 1 1 2 1 -1 -1 1 0 0 1 1 2.4131
101 1 4 2 2 1 2 2 -1 -1 1 0 0 1 1 2.9604
102 3 7 1 1 1 2 1 -1 -1 1 0 0 1 1 3.9127
103 2 9 2 2 2 2 2 -1 -1 1 0 0 1 1 2.3155
104 3 7 3 1 2 2 1 3 -1 1 0 0 0 1 6.9412
105 1 8 2 2 1 2 2 -1 -1 1 0 0 1 1 2.2299
106 3 5 1 3 1 1 3 1 -1 0 1 0 0 1 9.1443
107 2 2 3 1 1 1 1 3 -1 1 0 0 0 1 7.3022
108 1 6 3 1 1 1 2 3 -1 1 0 0 0 0 6.9315
109 2 5 3 3 1 1 3 -1 -1 1 0 0 1 1 2.3801
110 3 5 1 3 1 2 1 3 -1 1 0 0 0 1 5.9641
