Ear: B
Audiogram left  : NA
Audiogram right : NA
# Keys:
# Consonant_ID  : d=1 g=2 l=3 f=4 th=5 jh=6 p=7 sh=8 t=9 
# Vowel_ID      : IH=1 EH=2 AE=3 
# F0_ID         : high_f0=1 low_f0=2 
# Columns       : Trial Con1 Con2 V1 V2 F01 F02 Ans1V Ans2V Ans3V Ans1C Ans2C Ans3C OneType BothOK RT
1 2 5 1 3 1 2 1 3 -1 1 0 0 0 1 13.1894
2 3 1 3 1 2 2 1 2 -1 1 1 0 0 0 17.6034
3 1 6 3 1 2 2 1 1 -1 1 0 0 1 0 12.1515
4 1 1 3 1 1 1 1 3 -1 1 0 0 0 1 5.4448
5 3 7 3 3 2 2 3 -1 -1 1 0 0 1 1 1.1115
6 2 9 1 3 1 2 1 3 -1 1 0 0 0 1 10.9292
7 3 1 1 3 1 2 3 1 -1 1 1 0 0 1 9.8880
8 3 7 3 1 1 2 1 3 -1 1 1 0 0 1 14.1159
9 1 1 1 3 1 1 1 3 1 1 0 0 0 1 7.1795
10 1 1 3 1 1 2 1 1 -1 1 0 0 1 0 9.7293
11 1 6 1 1 1 2 1 -1 -1 1 0 0 1 1 13.9832
12 1 4 1 3 1 2 3 1 -1 1 1 0 0 1 12.4471
13 3 7 3 3 1 2 3 -1 -1 1 0 0 1 1 3.9161
14 2 2 1 1 1 2 1 -1 -1 1 0 0 1 1 6.3597
15 1 6 1 3 1 2 3 1 -1 1 1 0 0 1 3.8117
16 3 1 1 1 1 2 1 2 -1 1 1 0 0 0 7.0826
17 1 4 3 3 1 2 3 -1 -1 1 0 0 1 1 6.2147
18 2 9 3 1 1 1 1 3 -1 1 0 0 0 1 12.0909
19 3 1 3 1 1 1 1 3 -1 1 0 0 0 1 8.8458
20 2 9 1 3 1 1 3 1 -1 1 1 0 0 1 14.0004
21 3 6 1 3 1 1 3 1 -1 1 1 0 0 1 13.0884
22 1 1 1 1 1 2 1 1 -1 1 0 0 1 1 5.3481
23 2 2 1 3 2 2 1 3 -1 1 1 0 0 1 14.1561
24 1 4 3 1 1 2 1 3 -1 1 0 0 0 1 7.5332
25 1 8 1 3 2 2 1 -1 -1 1 0 0 1 0 13.8466
26 1 1 3 1 2 2 1 2 -1 1 0 0 0 0 18.0324
27 3 6 2 2 1 2 2 2 -1 1 0 0 1 1 8.0626
28 3 6 2 2 1 1 2 -1 -1 1 0 0 1 1 1.3548
29 2 2 2 2 1 2 2 -1 -1 1 0 0 1 1 9.7221
30 2 5 2 2 2 2 3 -1 -1 1 0 0 1 0 7.6754
31 3 1 3 1 1 2 1 3 -1 1 0 0 0 1 7.7380
32 2 5 1 3 2 2 3 1 -1 1 0 0 0 1 3.9990
33 1 4 3 1 2 2 1 3 -1 1 0 0 0 1 8.1946
34 3 1 3 3 1 2 3 3 -1 1 0 0 1 1 4.5232
35 2 2 1 3 1 1 1 3 -1 1 1 0 0 1 12.8964
36 1 1 2 2 1 2 2 1 -1 1 0 0 0 0 4.3853
37 1 6 1 3 2 2 1 3 -1 1 0 0 0 1 11.3269
38 2 2 3 1 2 2 1 3 -1 1 0 0 0 1 14.7646
39 1 8 3 1 1 2 1 -1 -1 1 0 0 1 0 8.6749
40 3 5 2 2 1 2 2 -1 -1 1 0 0 1 1 8.1837
41 3 5 3 1 1 1 1 3 -1 1 0 0 0 1 7.0825
42 2 5 3 1 2 2 1 3 -1 1 0 0 0 1 9.7795
43 3 7 1 3 2 2 3 1 -1 1 0 0 0 1 4.1344
44 1 8 1 1 1 2 1 -1 -1 1 0 0 1 1 0.9570
45 3 5 3 3 1 2 3 -1 -1 1 0 0 1 1 10.4504
46 2 5 1 3 1 1 1 3 -1 1 0 0 0 1 7.4596
47 3 5 3 1 1 2 1 2 -1 1 0 0 0 0 8.1683
48 1 4 2 2 1 1 2 -1 -1 1 0 0 1 1 1.3858
49 1 4 3 1 1 1 1 3 -1 1 0 0 0 1 11.2389
50 2 2 3 1 1 2 1 3 -1 1 1 0 0 1 8.2884
51 3 1 1 3 2 2 3 1 -1 1 1 0 0 1 9.3160
52 3 5 1 1 1 2 1 -1 -1 1 0 0 1 1 6.0881
53 3 1 1 3 1 1 3 -1 -1 1 0 0 1 0 10.8649
54 2 2 3 3 1 2 3 -1 -1 1 0 0 1 1 4.4593
55 1 6 2 2 1 2 2 -1 -1 1 0 0 1 1 9.0572
56 3 5 3 1 2 2 1 3 -1 1 0 0 0 1 6.2262
57 3 6 3 1 2 2 1 3 -1 1 0 0 0 1 8.5044
58 3 7 1 3 1 2 3 1 -1 1 0 0 0 1 9.1227
59 1 6 3 3 1 2 3 2 -1 1 1 0 0 0 7.6062
60 2 2 1 3 1 2 1 3 -1 1 0 0 0 1 14.2499
61 2 9 2 2 1 2 2 -1 -1 1 0 0 1 1 7.1178
62 2 9 1 3 2 2 3 1 -1 1 1 0 0 1 10.2426
63 2 9 3 3 1 2 3 -1 -1 1 0 0 1 1 2.5154
64 1 1 3 3 1 2 3 -1 -1 1 0 0 1 1 1.0751
65 3 5 3 3 1 1 3 -1 -1 1 0 0 1 1 4.8303
66 2 9 3 1 1 2 1 3 -1 1 0 0 0 1 13.6152
67 3 1 2 2 1 2 2 1 -1 1 0 0 0 0 6.0075
68 1 8 1 3 1 2 1 2 -1 1 0 0 0 0 6.1583
69 1 6 1 3 1 1 2 2 -1 1 0 0 1 0 11.3958
70 1 1 1 3 2 2 3 1 -1 1 0 0 0 1 10.8592
71 3 7 3 1 1 1 1 3 -1 1 0 0 0 1 6.7979
72 1 6 1 1 1 1 1 -1 -1 1 0 0 1 1 2.5396
73 3 6 3 1 1 2 1 3 -1 1 0 0 0 1 7.3023
74 1 1 1 3 1 2 3 1 -1 1 0 0 0 1 8.9139
75 3 7 2 2 1 2 2 -1 -1 1 0 0 1 1 3.3236
76 1 8 3 1 2 2 1 3 -1 1 0 0 0 1 9.6574
77 3 6 1 3 1 2 1 3 -1 1 1 0 0 1 6.6468
78 3 7 3 3 1 1 3 -1 -1 1 0 0 1 1 0.9797
79 2 9 3 1 2 2 1 2 -1 1 0 0 0 0 19.5378
80 3 6 1 3 2 2 1 3 2 1 0 0 0 0 10.0800
81 3 6 3 3 1 2 3 2 -1 1 0 0 0 0 11.1774
82 2 9 1 1 1 1 1 -1 -1 1 0 0 1 1 4.4086
83 3 7 1 3 1 1 2 3 -1 1 0 0 0 0 11.2353
84 2 5 1 1 1 2 1 -1 -1 1 0 0 1 1 3.2429
85 1 4 1 3 1 1 3 1 -1 1 0 0 0 1 1.6203
86 1 8 1 3 1 1 3 1 -1 1 0 0 0 1 8.9080
87 3 7 1 1 1 1 1 -1 -1 1 0 0 1 1 0.8251
88 3 6 1 1 1 2 1 -1 -1 1 0 0 1 1 3.5715
89 2 5 3 1 1 1 1 3 -1 1 0 0 0 1 8.5076
90 2 5 3 3 1 2 3 -1 -1 1 0 0 1 1 0.7884
91 3 6 3 1 1 1 1 3 -1 1 0 0 0 1 7.9920
92 1 4 1 3 2 2 3 1 -1 1 1 0 0 1 10.8063
93 2 9 1 1 1 2 1 -1 -1 1 0 0 1 1 1.1752
94 1 6 3 1 1 2 1 3 -1 1 1 0 0 1 3.3413
95 1 8 3 1 1 1 1 -1 -1 1 0 0 1 0 10.0972
96 2 5 2 2 1 2 2 -1 -1 1 0 0 1 1 3.0103
97 3 5 1 3 2 2 1 3 -1 1 0 0 0 1 3.1083
98 2 5 3 1 1 2 1 -1 -1 1 0 0 1 0 7.2851
99 1 8 3 3 1 2 3 -1 -1 1 0 0 1 1 2.8468
100 1 4 1 1 1 2 1 -1 -1 1 0 0 1 1 1.6143
101 1 4 2 2 1 2 2 -1 -1 1 0 0 1 1 1.2458
102 3 7 1 1 1 2 1 -1 -1 1 0 0 1 1 10.9176
103 2 9 2 2 2 2 2 -1 -1 1 0 0 1 1 0.7865
104 3 7 3 1 2 2 1 3 -1 1 0 0 0 1 6.6371
105 1 8 2 2 1 2 2 -1 -1 1 0 0 1 1 0.7371
106 3 5 1 3 1 1 3 2 -1 1 0 0 0 0 8.5514
107 2 2 3 1 1 1 1 3 -1 1 1 0 0 1 4.6178
108 1 6 3 1 1 1 1 -1 -1 1 0 0 1 0 7.5037
109 2 5 3 3 1 1 3 -1 -1 1 0 0 1 1 1.5201
110 3 5 1 3 1 2 1 3 -1 1 0 0 0 1 4.5817
