Ear: B
Sound system: Babyface + MixCube
Audiogram left input: NA
Audiogram right input: NA
vowID vowF0 answer correct time_elapsed
  6   2   6   1 1.3904
  5   1   5   1 0.7964
  1   3   1   1 1.0313
  4   2   4   1 0.9372
  5   2   5   1 1.0622
  6   3   6   1 1.2969
  6   3   6   1 1.1557
  3   2   3   1 1.4060
  3   3   3   1 1.2189
  1   1   1   1 1.2651
  5   2   5   1 1.7341
  4   2   4   1 1.0310
  1   3   1   1 1.2658
  6   2   6   1 1.5155
  5   3   5   1 1.0779
  4   3   4   1 1.1560
  4   2   4   1 1.9840
  3   1   3   1 0.9997
  1   1   1   1 1.5779
  2   2   2   1 1.0779
  1   2   1   1 2.1561
  2   3   2   1 1.1711
  6   1   6   1 1.6717
  2   3   2   1 1.5624
  2   2   2   1 1.2341
  1   3   1   1 1.2340
  6   1   6   1 1.6247
  2   1   2   1 1.1246
  4   1   4   1 1.0779
  2   3   2   1 1.1243
  2   2   2   1 0.9684
  4   3   4   1 2.3123
  6   3   6   1 0.9530
  2   3   2   1 1.3750
  4   1   4   1 1.1560
  5   1   5   1 0.8279
  3   2   3   1 0.8432
  4   1   4   1 1.0778
  6   3   6   1 1.1247
  1   2   1   1 1.1714
  1   1   1   1 1.5311
  4   2   4   1 1.9683
  5   2   5   1 1.3122
  3   2   3   1 0.7185
  3   1   3   1 0.9368
  3   2   3   1 1.0309
  3   3   3   1 1.2029
  5   1   5   1 1.3746
  3   1   3   1 0.9684
  3   1   3   1 0.7810
  6   2   6   1 1.4060
  2   1   2   1 0.9839
  1   2   1   1 1.7345
  2   1   2   1 0.9527
  2   1   2   1 0.7340
  3   3   3   1 0.9685
  5   3   5   1 2.1091
  5   3   5   1 0.9995
  4   3   4   1 1.0935
  1   2   1   1 1.0154
  6   2   6   1 0.9063
  5   2   5   1 0.9064
  5   3   5   1 1.4061
  5   1   5   1 1.1090
  4   1   4   1 1.3122
  4   3   4   1 1.4371
  1   3   1   1 0.8431
  2   2   2   1 0.8279
  1   1   1   1 1.1246
  6   1   6   1 0.8433
  6   1   6   1 0.8591
  3   3   3   1 0.7496
