Ear: B
Audiogram left  : NA
Audiogram right : NA
# Keys:
# Consonant_ID  : d=1 g=2 l=3 f=4 th=5 jh=6 p=7 sh=8 t=9 
# Vowel_ID      : IH=1 EH=2 AE=3 
# F0_ID         : high_f0=1 low_f0=2 
# Columns       : Trial Con1 Con2 V1 V2 F01 F02 Ans1V Ans2V Ans3V Ans1C Ans2C Ans3C OneType BothOK RT
1 2 5 1 3 1 2 1 3 -1 1 0 0 0 1 10.0088
2 3 1 3 1 2 2 1 2 -1 1 1 0 0 0 13.0871
3 1 6 3 1 2 2 1 3 -1 1 0 0 0 1 16.4925
4 1 1 3 1 1 1 1 1 -1 1 0 0 1 0 11.7790
5 3 7 3 3 2 2 3 -1 -1 1 0 0 1 1 0.6253
6 2 9 1 3 1 2 3 1 -1 1 1 0 0 1 12.0416
7 3 1 1 3 1 2 1 3 -1 1 0 0 0 1 7.9164
8 3 7 3 1 1 2 1 2 -1 1 1 0 0 0 7.8051
9 1 1 1 3 1 1 1 2 -1 1 0 0 0 0 4.0057
10 1 1 3 1 1 2 1 2 -1 1 0 0 0 0 10.7919
11 1 6 1 1 1 2 1 -1 -1 1 0 0 1 1 8.1084
12 1 4 1 3 1 2 3 1 -1 1 1 0 0 1 11.0003
13 3 7 3 3 1 2 3 -1 -1 1 0 0 1 1 2.1328
14 2 2 1 1 1 2 1 -1 -1 1 0 0 1 1 3.9288
15 1 6 1 3 1 2 1 3 -1 1 0 0 0 1 8.5750
16 3 1 1 1 1 2 1 -1 -1 1 0 0 1 1 9.9015
17 1 4 3 3 1 2 3 -1 -1 1 0 0 1 1 0.9626
18 2 9 3 1 1 1 1 3 -1 1 0 0 0 1 4.9428
19 3 1 3 1 1 1 1 -1 -1 1 0 0 1 0 10.1387
20 2 9 1 3 1 1 3 1 -1 1 1 0 0 1 3.1683
21 3 6 1 3 1 1 1 3 -1 1 0 0 0 1 3.6036
22 1 1 1 1 1 2 1 2 -1 1 0 0 0 0 6.9162
23 2 2 1 3 2 2 2 -1 -1 1 0 0 1 0 12.2438
24 1 4 3 1 1 2 1 3 -1 1 0 0 0 1 11.1507
25 1 8 1 3 2 2 1 3 -1 1 0 0 0 1 7.7402
26 1 1 3 1 2 2 1 2 -1 1 0 0 0 0 7.4110
27 3 6 2 2 1 2 2 -1 -1 1 0 0 1 1 2.8527
28 3 6 2 2 1 1 2 -1 -1 1 0 0 1 1 1.0728
29 2 2 2 2 1 2 2 -1 -1 1 0 0 1 1 2.6599
30 2 5 2 2 2 2 2 -1 -1 1 0 0 1 1 4.2706
31 3 1 3 1 1 2 1 3 -1 1 0 0 0 1 22.9966
32 2 5 1 3 2 2 3 1 -1 1 0 0 0 1 3.3617
33 1 4 3 1 2 2 1 3 -1 1 0 0 0 1 4.1622
34 3 1 3 3 1 2 3 -1 -1 1 0 0 1 1 3.2474
35 2 2 1 3 1 1 1 3 -1 1 0 0 0 1 8.7541
36 1 1 2 2 1 2 2 1 -1 1 0 0 0 0 4.0359
37 1 6 1 3 2 2 3 1 -1 1 1 0 0 1 8.0536
38 2 2 3 1 2 2 1 3 -1 1 0 0 0 1 7.9268
39 1 8 3 1 1 2 1 2 -1 1 1 0 0 0 8.4648
40 3 5 2 2 1 2 2 -1 -1 1 0 0 1 1 1.0608
41 3 5 3 1 1 1 1 -1 -1 1 0 0 1 0 4.3968
42 2 5 3 1 2 2 1 -1 -1 1 0 0 1 0 11.6099
43 3 7 1 3 2 2 3 1 -1 1 0 0 0 1 7.4520
44 1 8 1 1 1 2 1 -1 -1 1 0 0 1 1 0.9254
45 3 5 3 3 1 2 3 -1 -1 1 0 0 1 1 6.6456
46 2 5 1 3 1 1 1 3 -1 1 0 0 0 1 16.2146
47 3 5 3 1 1 2 1 2 -1 1 0 0 0 0 13.7306
48 1 4 2 2 1 1 2 -1 -1 1 0 0 1 1 1.6740
49 1 4 3 1 1 1 1 3 -1 1 0 0 0 1 39.2897
50 2 2 3 1 1 2 1 3 -1 1 1 0 0 1 3.9986
51 3 1 1 3 2 2 3 1 -1 1 1 0 0 1 17.6192
52 3 5 1 1 1 2 1 -1 -1 1 0 0 1 1 3.4174
53 3 1 1 3 1 1 3 2 -1 1 0 0 0 0 18.7098
54 2 2 3 3 1 2 3 -1 -1 1 0 0 1 1 5.6310
55 1 6 2 2 1 2 2 -1 -1 1 0 0 1 1 5.0904
56 3 5 3 1 2 2 1 3 -1 1 0 0 0 1 5.7431
57 3 6 3 1 2 2 1 3 -1 1 0 0 0 1 5.9020
58 3 7 1 3 1 2 3 1 -1 1 1 0 0 1 9.6485
59 1 6 3 3 1 2 3 2 -1 1 1 0 0 0 8.8413
60 2 2 1 3 1 2 1 2 -1 1 1 0 0 0 5.0501
61 2 9 2 2 1 2 2 -1 -1 1 0 0 1 1 1.3948
62 2 9 1 3 2 2 3 1 -1 1 1 0 0 1 4.1514
63 2 9 3 3 1 2 3 -1 -1 1 0 0 1 1 0.9795
64 1 1 3 3 1 2 3 2 -1 1 0 0 0 0 4.9012
65 3 5 3 3 1 1 2 -1 -1 1 0 0 1 0 5.3238
66 2 9 3 1 1 2 1 -1 -1 1 0 0 1 0 9.2480
67 3 1 2 2 1 2 2 1 -1 1 1 0 0 0 2.9310
68 1 8 1 3 1 2 1 3 -1 1 0 0 0 1 11.5317
69 1 6 1 3 1 1 1 3 -1 1 0 0 0 1 11.1906
70 1 1 1 3 2 2 3 2 -1 1 0 0 0 0 3.9063
71 3 7 3 1 1 1 1 1 -1 1 0 0 1 0 8.1839
72 1 6 1 1 1 1 1 -1 -1 1 0 0 1 1 0.5911
73 3 6 3 1 1 2 1 3 -1 1 0 0 0 1 8.0620
74 1 1 1 3 1 2 3 2 -1 1 0 0 0 0 6.4962
75 3 7 2 2 1 2 2 -1 -1 1 0 0 1 1 2.9220
76 1 8 3 1 2 2 1 3 -1 1 0 0 0 1 7.6406
77 3 6 1 3 1 2 1 3 -1 1 0 0 0 1 3.6114
78 3 7 3 3 1 1 3 -1 -1 1 0 0 1 1 1.2487
79 2 9 3 1 2 2 1 3 -1 1 1 0 0 1 4.4280
80 3 6 1 3 2 2 1 3 -1 1 0 0 0 1 10.8653
81 3 6 3 3 1 2 3 -1 -1 1 0 0 1 1 7.5325
82 2 9 1 1 1 1 1 -1 -1 1 0 0 1 1 0.7702
83 3 7 1 3 1 1 3 1 -1 1 0 0 0 1 8.4553
84 2 5 1 1 1 2 1 -1 -1 1 0 0 1 1 1.1037
85 1 4 1 3 1 1 3 1 -1 1 0 0 0 1 7.0638
86 1 8 1 3 1 1 1 3 -1 1 0 0 0 1 5.7724
87 3 7 1 1 1 1 1 -1 -1 1 0 0 1 1 0.8689
88 3 6 1 1 1 2 1 -1 -1 1 0 0 1 1 2.5370
89 2 5 3 1 1 1 1 3 -1 1 0 0 0 1 8.0821
90 2 5 3 3 1 2 3 -1 -1 1 0 0 1 1 0.5950
91 3 6 3 1 1 1 1 3 -1 1 0 0 0 1 9.9186
92 1 4 1 3 2 2 1 3 -1 1 0 0 0 1 7.3744
93 2 9 1 1 1 2 1 -1 -1 1 0 0 1 1 1.4695
94 1 6 3 1 1 2 3 1 -1 1 1 0 0 1 3.8057
95 1 8 3 1 1 1 1 2 -1 1 0 0 0 0 7.9411
96 2 5 2 2 1 2 2 -1 -1 1 0 0 1 1 1.1304
97 3 5 1 3 2 2 3 2 -1 1 0 0 0 0 3.6876
98 2 5 3 1 1 2 1 -1 -1 1 0 0 1 0 2.3174
99 1 8 3 3 1 2 3 -1 -1 1 0 0 1 1 2.1970
100 1 4 1 1 1 2 1 -1 -1 1 0 0 1 1 1.3761
101 1 4 2 2 1 2 2 -1 -1 1 0 0 1 1 0.6550
102 3 7 1 1 1 2 1 -1 -1 1 0 0 1 1 0.8155
103 2 9 2 2 2 2 2 -1 -1 1 0 0 1 1 3.3349
104 3 7 3 1 2 2 1 3 -1 1 0 0 0 1 7.4969
105 1 8 2 2 1 2 2 -1 -1 1 0 0 1 1 2.2507
106 3 5 1 3 1 1 1 3 -1 1 0 0 0 1 8.5793
107 2 2 3 1 1 1 3 1 -1 1 1 0 0 1 5.6584
108 1 6 3 1 1 1 1 3 -1 1 0 0 0 1 10.5792
109 2 5 3 3 1 1 2 -1 -1 1 0 0 1 0 2.6329
110 3 5 1 3 1 2 1 3 -1 1 0 0 0 1 7.8066
