Ear: L
Audiogram left  : NA
Audiogram right : NA
# Keys:
# Consonant_ID  : d=1 g=2 l=3 f=4 th=5 jh=6 p=7 sh=8 t=9 
# Vowel_ID      : IH=1 EH=2 AE=3 
# F0_ID         : high_f0=1 low_f0=2 # Columns       : Trial Consonant_1_ID Consonant_2_ID Vowel_ID F0_ID Heard_Consonant Answer_vowel Correct Time_elapsed
1 1 1 1 1 1 1 1 0.5746
2 2 9 2 1 1 2 1 0.9300
3 3 6 3 1 1 3 1 0.4198
4 1 4 3 1 1 3 1 0.9929
5 2 5 3 1 1 3 1 2.5991
6 3 1 3 1 1 3 1 0.6754
7 2 9 1 2 1 1 1 0.3879
8 1 1 3 1 1 3 1 1.7142
9 3 5 2 1 1 2 1 2.3276
10 3 5 2 2 1 2 1 0.7905
11 1 6 1 1 1 1 1 0.3480
12 2 5 1 2 1 1 1 0.6449
13 1 4 1 1 1 1 1 0.6662
14 2 5 3 2 1 3 1 0.2347
15 3 7 2 2 1 2 1 1.0747
16 2 5 2 1 1 2 1 2.0178
17 3 6 2 1 1 2 1 1.1433
18 3 1 2 2 1 2 1 0.6500
19 1 1 3 2 1 3 1 2.3877
20 2 2 2 2 1 3 0 2.0334
21 1 6 2 2 1 2 1 0.8092
22 1 6 1 2 1 1 1 0.6856
23 1 1 1 2 1 1 1 1.0735
24 2 9 1 1 1 1 1 0.3836
25 2 9 3 1 1 3 1 0.1933
26 3 7 3 2 1 3 1 1.6139
27 3 1 1 2 1 1 1 0.7900
28 1 6 3 1 1 3 1 0.7878
29 3 7 1 1 1 1 1 0.4435
30 1 4 1 2 1 1 1 0.0831
31 3 6 2 2 1 2 1 0.0103
32 3 5 1 2 1 1 1 1.4305
33 1 1 2 1 1 2 1 1.2770
34 1 6 3 2 1 3 1 0.5626
35 1 8 1 2 1 1 1 0.3595
36 3 7 1 2 1 1 1 0.2944
37 1 6 2 1 1 2 1 1.6042
38 3 1 3 2 1 3 1 0.2159
39 1 8 3 1 1 3 1 0.2977
40 3 6 3 2 1 3 1 1.7123
41 2 5 1 1 1 1 1 0.3386
42 1 8 1 1 1 1 1 0.1665
43 2 2 2 1 1 3 0 0.1855
44 3 6 1 2 1 1 1 2.5428
45 2 2 1 1 1 1 1 1.1375
46 2 9 3 2 1 2 0 1.8558
47 3 6 1 1 1 1 1 0.8434
48 3 5 1 1 1 1 1 0.3480
49 3 7 3 1 1 3 1 0.5517
50 3 5 3 1 1 3 1 0.2448
51 2 2 3 2 1 3 1 1.6117
52 1 8 2 2 1 2 1 1.0039
53 2 2 3 1 1 3 1 0.8083
54 3 7 2 1 1 2 1 0.6440
55 2 9 2 2 1 2 1 0.0542
56 3 1 2 1 1 2 1 0.3185
57 1 4 2 2 1 2 1 0.0819
58 2 2 1 2 1 1 1 0.6557
59 3 1 1 1 1 1 1 0.0429
60 1 8 3 2 1 3 1 0.5645
61 1 4 3 2 1 3 1 1.1416
62 1 4 2 1 1 2 1 1.2340
63 3 5 3 2 1 2 0 1.5570
64 1 1 2 2 1 2 1 4.8608
65 1 8 2 1 1 2 1 0.4703
66 2 5 2 2 1 2 1 0.2755
