Ear: R
Audiogram left  : NA
Audiogram right : NA
# Keys:
# Consonant_ID  : d=1 g=2 l=3 f=4 th=5 jh=6 p=7 sh=8 t=9 
# Vowel_ID      : IH=1 EH=2 AE=3 
# F0_ID         : high_f0=1 low_f0=2 # Columns       : Trial Consonant_1_ID Consonant_2_ID Vowel_ID F0_ID Heard_Consonant Answer_vowel Correct Time_elapsed
1 3 1 2 1 1 2 1 0.6469
2 2 9 2 2 1 2 1 0.5793
3 3 5 1 2 1 1 1 0.4930
4 1 8 3 1 1 3 1 0.5226
5 1 6 1 1 1 1 1 0.3800
6 3 5 1 1 1 1 1 0.2982
7 3 1 1 2 1 1 1 0.4270
8 1 6 3 1 1 3 1 0.3811
9 3 6 3 2 1 3 1 1.4453
10 2 9 1 2 1 1 1 0.8895
11 1 8 2 1 1 2 1 1.2123
12 3 7 3 2 1 3 1 0.1350
13 1 6 2 2 1 2 1 0.7230
14 1 4 2 2 1 2 1 0.5319
15 1 4 1 1 1 1 1 0.2643
16 2 2 1 2 1 1 1 0.4908
17 3 5 2 2 1 2 1 1.0443
18 3 5 3 2 1 3 1 2.3462
19 3 7 2 1 1 2 1 0.7192
20 2 5 3 1 1 3 1 0.9105
21 1 4 3 1 1 3 1 0.5502
22 3 7 1 2 1 1 1 1.4123
23 3 1 2 2 1 2 1 1.3991
24 2 5 3 2 1 3 1 1.4577
25 2 5 2 1 1 2 1 1.3370
26 3 7 2 2 1 2 1 0.9964
27 3 5 3 1 1 3 1 0.2775
28 2 2 2 1 1 2 1 0.8302
29 3 6 1 2 1 1 1 0.3601
30 1 1 3 1 1 3 1 1.1462
31 1 6 3 2 1 3 1 0.5695
32 3 1 1 1 1 1 1 1.0969
33 2 2 3 1 1 3 1 0.8166
34 1 8 1 1 1 1 1 0.1843
35 3 6 3 1 1 3 1 1.0912
36 1 1 3 2 1 3 1 0.2705
37 1 8 3 2 1 3 1 0.3114
38 1 8 1 2 1 1 1 0.5446
39 3 6 1 1 1 1 1 0.4074
40 1 4 1 2 1 1 1 0.7704
41 3 7 1 1 1 1 1 0.2573
42 2 5 1 2 1 1 1 0.0415
43 2 9 1 1 1 1 1 0.2758
44 1 8 2 2 1 2 1 0.1960
45 3 6 2 1 1 2 1 0.0103
46 3 6 2 2 1 2 1 0.7365
47 2 2 2 2 1 3 0 0.5832
48 2 9 3 1 1 3 1 0.9627
49 2 2 1 1 1 1 1 0.8050
50 1 6 1 2 1 1 1 2.4138
51 2 2 3 2 1 3 1 0.3447
52 3 1 3 2 1 3 1 0.2690
53 2 9 3 2 1 3 1 0.0915
54 2 9 2 1 1 2 1 0.1750
55 1 1 2 1 1 2 1 0.8103
56 2 5 2 2 1 2 1 0.1943
57 3 7 3 1 1 3 1 1.2216
58 1 4 3 2 1 3 1 0.9160
59 1 4 2 1 1 2 1 0.0411
60 1 1 1 1 1 1 1 0.3699
61 1 1 1 2 1 1 1 0.1336
62 2 5 1 1 1 1 1 0.2125
63 1 6 2 1 1 2 1 0.0862
64 3 5 2 1 1 2 1 0.1617
65 1 1 2 2 1 2 1 0.3581
66 3 1 3 1 1 3 1 0.1947
