Ear: R
Audiogram left  : NA
Audiogram right : NA
# Keys:
# Consonant_ID  : d=1 g=2 l=3 f=4 th=5 jh=6 p=7 sh=8 t=9 
# Vowel_ID      : IH=1 EH=2 AE=3 
# F0_ID         : high_f0=1 low_f0=2 # Columns       : Trial Consonant_1_ID Consonant_2_ID Vowel_ID F0_ID Heard_Consonant Answer_vowel Correct Time_elapsed
1 3 7 2 2 1 2 1 0.6442
2 1 1 3 1 1 3 1 0.8050
3 1 4 2 1 1 2 1 0.5244
4 1 6 1 2 1 1 1 0.6626
5 2 9 3 2 1 3 1 0.1136
6 3 7 1 1 1 1 1 0.5655
7 1 4 3 2 1 3 1 0.1135
8 1 1 1 1 1 1 1 0.4209
9 1 1 3 2 1 3 1 0.5945
10 1 6 3 1 1 3 1 0.4518
11 3 6 2 2 1 2 1 1.5225
12 2 2 2 2 1 2 1 1.1815
13 3 5 1 1 1 1 1 1.3589
14 2 5 2 2 1 2 1 0.4348
15 1 8 1 2 1 1 1 1.5764
16 1 4 3 1 1 3 1 1.6970
17 3 7 3 2 1 3 1 0.5638
18 3 5 1 2 1 1 1 0.7355
19 2 9 3 1 1 3 1 1.1294
20 2 2 1 1 1 1 1 1.2763
21 2 5 2 1 1 2 1 0.3175
22 3 5 3 1 1 3 1 0.8988
23 3 5 2 1 1 2 1 0.5575
24 2 2 3 1 1 3 1 0.9873
25 3 6 1 1 1 1 1 0.5921
26 3 6 3 1 1 3 1 0.5509
27 1 1 1 2 1 1 1 0.9793
28 3 1 3 2 1 3 1 0.9922
29 3 6 2 1 1 2 1 0.7578
30 3 7 2 1 1 2 1 1.6796
31 3 1 2 2 1 3 0 0.3961
32 3 7 1 2 1 1 1 1.6713
33 3 6 1 2 1 1 1 0.9367
34 3 1 3 1 1 3 1 0.7179
35 2 9 2 2 1 2 1 0.4704
36 1 8 3 2 1 3 1 0.6417
37 1 8 2 2 1 2 1 1.3747
38 1 4 2 2 1 2 1 0.6733
39 1 4 1 1 1 1 1 1.8272
40 3 1 1 1 1 1 1 1.1837
41 1 1 2 2 1 2 1 0.5256
42 2 2 3 2 1 3 1 2.2166
43 2 9 1 2 1 1 1 0.4616
44 3 6 3 2 1 3 1 0.3679
45 1 1 2 1 1 2 1 0.4611
46 1 8 3 1 1 3 1 2.8205
47 3 5 2 2 1 2 1 0.7281
48 3 7 3 1 1 3 1 0.2983
49 3 5 3 2 1 3 1 1.0423
50 1 6 2 1 1 2 1 0.4090
51 2 2 1 2 1 1 1 0.0103
52 1 4 1 2 1 1 1 0.5461
53 3 1 1 2 1 1 1 0.4192
54 2 5 1 2 1 1 1 0.0929
55 1 6 3 2 1 3 1 0.8660
56 2 5 3 2 1 3 1 1.1709
57 1 8 1 1 1 1 1 0.4891
58 2 9 1 1 1 1 1 0.6290
59 2 5 1 1 1 1 1 1.5789
60 1 8 2 1 1 2 1 0.7291
61 1 6 1 1 1 1 1 0.4002
62 2 5 3 1 1 3 1 0.4832
63 3 1 2 1 1 2 1 0.5332
64 2 2 2 1 1 3 0 1.0098
65 1 6 2 2 1 2 1 0.5008
66 2 9 2 1 1 2 1 0.6431
