Ear: B
Audiogram left  : NA
Audiogram right : NA
# Keys:
# Consonant_ID  : d=1 g=2 l=3 f=4 th=5 jh=6 p=7 sh=8 t=9 
# Vowel_ID      : IH=1 EH=2 AE=3 
# F0_ID         : high_f0=1 low_f0=2 # Columns       : Trial Consonant_1_ID Consonant_2_ID Vowel_ID F0_ID Heard_Consonant Answer_vowel Correct Time_elapsed
1 3 7 1 2 1 1 1 0.8925
2 1 8 2 2 1 2 1 1.6613
3 1 4 1 2 1 1 1 0.4601
4 3 5 2 1 1 2 1 1.2023
5 3 6 2 2 1 2 1 1.8781
6 1 6 3 2 1 3 1 1.9793
7 3 1 3 2 1 3 1 1.0932
8 1 6 1 2 1 1 1 0.5823
9 3 6 1 2 1 1 1 0.6121
10 3 5 1 1 1 1 1 0.8428
11 2 2 1 1 1 1 1 1.7399
12 2 2 1 2 1 1 1 3.8800
13 1 8 2 1 1 2 1 0.6756
14 1 1 2 2 1 2 1 0.9561
15 3 1 1 1 1 1 1 0.7306
16 3 7 1 1 1 1 1 0.7964
17 2 9 2 2 1 2 1 0.6672
18 1 4 2 1 1 2 1 0.1736
19 3 5 1 2 1 1 1 0.7149
20 3 6 3 1 1 3 1 0.9371
21 1 8 3 2 1 3 1 0.6649
22 1 8 3 1 1 3 1 4.3048
23 3 1 2 2 1 2 1 0.5456
24 1 6 3 1 1 3 1 1.3662
25 1 1 2 1 1 2 1 0.8184
26 2 9 3 2 1 3 1 1.2564
27 2 9 1 2 1 1 1 0.5340
28 1 1 1 1 1 1 1 1.4844
29 2 5 1 2 1 1 1 1.2688
30 2 9 2 1 1 2 1 1.3169
31 3 1 2 1 1 2 1 0.7548
32 1 4 1 1 1 1 1 0.0615
33 3 7 2 1 1 2 1 0.5961
34 1 6 2 2 1 2 1 0.5229
35 3 5 2 2 1 2 1 0.5122
36 2 2 3 1 1 3 1 2.7663
37 1 8 1 2 1 1 1 3.6589
38 1 6 1 1 1 1 1 1.0251
39 2 2 2 2 1 2 1 0.8915
40 2 5 2 1 1 2 1 1.7440
41 3 7 2 2 1 2 1 0.5021
42 2 2 3 2 1 3 1 0.6828
43 3 5 3 2 1 3 1 0.9420
44 1 4 3 2 1 3 1 0.6020
45 3 6 2 1 1 2 1 0.4822
46 1 1 3 2 1 3 1 1.9924
47 3 6 1 1 1 1 1 0.9648
48 2 5 1 1 1 1 1 0.6840
49 3 7 3 2 1 3 1 0.1730
50 3 7 3 1 1 3 1 0.0102
51 1 6 2 1 1 2 1 0.5627
52 1 8 1 1 1 1 1 0.6731
53 1 1 1 2 1 1 1 1.5561
54 2 5 3 2 1 3 1 0.4744
55 3 5 3 1 1 3 1 0.8086
56 1 1 3 1 1 3 1 0.3541
57 2 9 3 1 1 3 1 1.3696
58 2 2 2 1 1 3 0 1.0954
59 2 5 2 2 1 2 1 0.4584
60 3 1 3 1 1 3 1 0.1548
61 1 4 3 1 1 3 1 0.2225
62 2 9 1 1 1 1 1 1.6669
63 2 5 3 1 1 3 1 0.7079
64 3 6 3 2 1 3 1 0.5252
65 1 4 2 2 1 2 1 0.7949
66 3 1 1 2 1 1 1 0.7145
