Ear: B
Audiogram left  : NA
Audiogram right : NA
# Keys:
# Consonant_ID  : d=1 g=2 l=3 f=4 th=5 jh=6 p=7 sh=8 t=9 
# Vowel_ID      : IH=1 EH=2 AE=3 
# F0_ID         : high_f0=1 low_f0=2 
# Columns       : Trial Con1 Con2 V1 V2 F01 F02 Ans1V Ans2V Ans3V Ans1C Ans2C Ans3C OneType BothOK RT
1 2 5 1 3 1 2 2 1 -1 1 1 0 0 0 7.7736
2 3 1 3 1 2 2 1 2 2 1 1 0 0 0 5.2785
3 1 6 3 1 2 2 1 3 -1 1 0 0 0 1 6.1777
4 1 1 3 1 1 1 2 2 -1 1 0 0 1 0 7.0666
5 3 7 3 3 2 2 3 -1 -1 1 0 0 1 1 5.2168
6 2 9 1 3 1 2 2 1 -1 1 1 0 0 0 8.0801
7 3 1 1 3 1 2 2 3 -1 1 1 0 0 0 7.4098
8 3 7 3 1 1 2 1 2 -1 1 1 0 0 0 5.2187
9 1 1 1 3 1 1 2 3 -1 1 0 0 0 0 4.2323
10 1 1 3 1 1 2 1 3 -1 1 0 0 0 1 9.1423
11 1 6 1 1 1 2 1 1 -1 1 0 0 1 1 6.6372
12 1 4 1 3 1 2 1 3 3 1 0 1 0 1 7.5609
13 3 7 3 3 1 2 3 -1 -1 1 0 0 1 1 5.1647
14 2 2 1 1 1 2 1 -1 -1 1 0 0 1 1 11.8328
15 1 6 1 3 1 2 1 3 -1 1 1 0 0 1 5.7282
16 3 1 1 1 1 2 1 1 -1 1 0 0 1 1 5.4339
17 1 4 3 3 1 2 3 -1 -1 1 0 0 1 1 4.0913
18 2 9 3 1 1 1 1 2 -1 1 1 0 0 0 3.9916
19 3 1 3 1 1 1 1 2 -1 1 1 0 0 0 4.6154
20 2 9 1 3 1 1 1 3 -1 1 0 0 0 1 6.3381
21 3 6 1 3 1 1 2 3 -1 1 0 0 0 0 6.3407
22 1 1 1 1 1 2 2 -1 -1 1 0 0 1 0 6.6796
23 2 2 1 3 2 2 1 3 1 1 1 0 0 1 5.8313
24 1 4 3 1 1 2 1 2 -1 1 0 0 0 0 6.4156
25 1 8 1 3 2 2 1 3 -1 1 0 0 0 1 6.5280
26 1 1 3 1 2 2 2 3 -1 1 0 0 0 0 6.0959
27 3 6 2 2 1 2 2 -1 -1 1 0 0 1 1 7.1521
28 3 6 2 2 1 1 2 -1 -1 1 0 0 1 1 6.8199
29 2 2 2 2 1 2 2 -1 -1 1 0 0 1 1 4.4216
30 2 5 2 2 2 2 2 -1 -1 1 0 0 1 1 6.7343
31 3 1 3 1 1 2 1 2 -1 1 0 0 0 0 6.5670
32 2 5 1 3 2 2 3 3 -1 1 0 0 1 0 5.8432
33 1 4 3 1 2 2 1 -1 -1 1 0 0 1 0 6.9010
34 3 1 3 3 1 2 3 -1 -1 1 0 0 1 1 4.8282
35 2 2 1 3 1 1 3 1 1 1 1 0 0 1 7.1454
36 1 1 2 2 1 2 2 -1 -1 1 0 0 1 1 7.0037
37 1 6 1 3 2 2 3 3 -1 1 0 0 1 0 5.8042
38 2 2 3 1 2 2 1 1 -1 1 0 0 1 0 6.8651
39 1 8 3 1 1 2 1 3 -1 1 0 0 0 1 4.5341
40 3 5 2 2 1 2 2 -1 -1 1 0 0 1 1 5.4531
41 3 5 3 1 1 1 1 -1 -1 1 0 0 1 0 4.5210
42 2 5 3 1 2 2 1 -1 -1 1 0 0 1 0 6.6202
43 3 7 1 3 2 2 2 1 -1 1 1 0 0 0 5.9105
44 1 8 1 1 1 2 1 -1 -1 1 0 0 1 1 7.8030
45 3 5 3 3 1 2 3 3 -1 1 0 0 1 1 6.9724
46 2 5 1 3 1 1 2 2 -1 1 0 0 1 0 6.5336
47 3 5 3 1 1 2 1 2 -1 1 0 0 0 0 5.1852
48 1 4 2 2 1 1 2 -1 -1 1 0 0 1 1 7.5043
49 1 4 3 1 1 1 1 1 -1 1 0 0 1 0 6.5892
50 2 2 3 1 1 2 1 2 -1 1 1 0 0 0 5.8426
51 3 1 1 3 2 2 1 3 -1 1 0 0 0 1 4.7841
52 3 5 1 1 1 2 1 -1 -1 1 0 0 1 1 4.4510
53 3 1 1 3 1 1 1 3 -1 1 1 0 0 1 7.1895
54 2 2 3 3 1 2 3 -1 -1 1 0 0 1 1 6.3278
55 1 6 2 2 1 2 2 -1 -1 1 0 0 1 1 7.0212
56 3 5 3 1 2 2 1 2 -1 1 0 0 0 0 6.3856
57 3 6 3 1 2 2 1 2 2 1 1 0 0 0 7.8054
58 3 7 1 3 1 2 2 3 -1 1 1 0 0 0 7.0377
59 1 6 3 3 1 2 3 -1 -1 1 0 0 1 1 8.7097
60 2 2 1 3 1 2 1 -1 -1 1 0 0 1 0 7.5949
61 2 9 2 2 1 2 2 -1 -1 1 0 0 1 1 5.0882
62 2 9 1 3 2 2 3 1 -1 1 1 0 0 1 4.8745
63 2 9 3 3 1 2 3 -1 -1 1 0 0 1 1 6.0727
64 1 1 3 3 1 2 1 -1 -1 1 0 0 1 0 5.5253
65 3 5 3 3 1 1 2 -1 -1 1 0 0 1 0 7.0748
66 2 9 3 1 1 2 1 2 -1 1 1 0 0 0 8.1436
67 3 1 2 2 1 2 2 -1 -1 1 0 0 1 1 9.0557
68 1 8 1 3 1 2 1 3 -1 1 1 0 0 1 11.1556
69 1 6 1 3 1 1 2 1 -1 1 1 0 0 0 8.3951
70 1 1 1 3 2 2 2 -1 -1 1 0 0 1 0 6.6780
71 3 7 3 1 1 1 1 -1 -1 1 0 0 1 0 7.6168
72 1 6 1 1 1 1 1 -1 -1 1 0 0 1 1 9.6261
73 3 6 3 1 1 2 1 2 3 1 1 0 0 0 8.5001
74 1 1 1 3 1 2 3 -1 -1 1 0 0 1 0 9.7825
75 3 7 2 2 1 2 2 -1 -1 1 0 0 1 1 5.1934
76 1 8 3 1 2 2 1 -1 -1 1 0 0 1 0 7.4338
77 3 6 1 3 1 2 3 1 -1 0 1 0 0 1 11.9837
78 3 7 3 3 1 1 3 -1 -1 1 0 0 1 1 9.5496
79 2 9 3 1 2 2 1 1 -1 1 0 0 1 0 5.6134
80 3 6 1 3 2 2 1 3 -1 1 0 0 0 1 4.4988
81 3 6 3 3 1 2 3 -1 -1 1 0 0 1 1 3.8775
82 2 9 1 1 1 1 1 -1 -1 1 0 0 1 1 5.9548
83 3 7 1 3 1 1 3 -1 -1 1 0 0 1 0 8.6867
84 2 5 1 1 1 2 1 -1 -1 1 0 0 1 1 5.5946
85 1 4 1 3 1 1 1 3 -1 1 1 0 0 1 6.5327
86 1 8 1 3 1 1 3 1 -1 0 1 0 0 1 6.6032
87 3 7 1 1 1 1 1 -1 -1 1 0 0 1 1 5.3593
88 3 6 1 1 1 2 1 -1 -1 1 0 0 1 1 9.1227
89 2 5 3 1 1 1 1 -1 -1 1 0 0 1 0 10.8511
90 2 5 3 3 1 2 3 -1 -1 1 0 0 1 1 10.0013
91 3 6 3 1 1 1 1 3 -1 1 0 0 0 1 4.5026
92 1 4 1 3 2 2 1 2 3 1 1 0 0 0 4.5407
93 2 9 1 1 1 2 1 -1 -1 1 0 0 1 1 3.4412
94 1 6 3 1 1 2 1 -1 -1 1 0 0 1 0 5.0760
95 1 8 3 1 1 1 1 -1 -1 1 0 0 1 0 10.1720
96 2 5 2 2 1 2 2 -1 -1 1 0 0 1 1 5.3740
97 3 5 1 3 2 2 1 2 -1 1 0 0 0 0 5.9704
98 2 5 3 1 1 2 1 -1 -1 1 0 0 1 0 8.5838
99 1 8 3 3 1 2 2 -1 -1 1 0 0 1 0 6.4403
100 1 4 1 1 1 2 1 -1 -1 1 0 0 1 1 12.1376
101 1 4 2 2 1 2 2 -1 -1 1 0 0 1 1 7.6001
102 3 7 1 1 1 2 1 -1 -1 1 0 0 1 1 3.8214
103 2 9 2 2 2 2 2 -1 -1 1 0 0 1 1 4.4184
104 3 7 3 1 2 2 1 2 -1 1 1 0 0 0 4.9784
105 1 8 2 2 1 2 2 -1 -1 1 0 0 1 1 5.4455
106 3 5 1 3 1 1 2 -1 -1 1 0 0 1 0 8.9924
107 2 2 3 1 1 1 1 -1 -1 1 0 0 1 0 14.3132
108 1 6 3 1 1 1 2 -1 -1 1 0 0 1 0 6.1448
109 2 5 3 3 1 1 3 -1 -1 1 0 0 1 1 5.6509
110 3 5 1 3 1 2 1 2 -1 1 1 0 0 0 10.9151
