Ear: B
Audiogram left  : NA
Audiogram right : NA
# Keys:
# Consonant_ID  : d=1 g=2 l=3 f=4 th=5 jh=6 p=7 sh=8 t=9 
# Vowel_ID      : IH=1 EH=2 AE=3 
# F0_ID         : high_f0=1 low_f0=2 
# Columns       : Trial Con1 Con2 V1 V2 F01 F02 Ans1V Ans2V Ans3V Ans1C Ans2C Ans3C OneType BothOK RT
1 2 5 1 3 1 2 2 3 -1 1 1 0 0 0 5.7340
2 3 1 3 1 2 2 2 1 -1 1 1 0 0 0 4.8949
3 1 6 3 1 2 2 3 1 -1 1 1 0 0 1 5.1322
4 1 1 3 1 1 1 3 2 -1 1 1 0 0 0 6.3576
5 3 7 3 3 2 2 3 -1 -1 1 0 0 1 1 3.7151
6 2 9 1 3 1 2 2 3 -1 1 1 0 0 0 4.5652
7 3 1 1 3 1 2 3 2 -1 1 1 0 0 0 6.0144
8 3 7 3 1 1 2 2 1 -1 1 1 0 0 0 8.0872
9 1 1 1 3 1 1 2 3 -1 1 1 0 0 0 4.2183
10 1 1 3 1 1 2 2 1 -1 1 0 0 0 0 6.0943
11 1 6 1 1 1 2 1 -1 -1 1 0 0 1 1 6.0841
12 1 4 1 3 1 2 1 3 -1 1 1 0 0 1 11.1228
13 3 7 3 3 1 2 3 -1 -1 1 0 0 1 1 4.1168
14 2 2 1 1 1 2 1 1 -1 1 0 0 1 1 6.2582
15 1 6 1 3 1 2 3 2 -1 1 1 0 0 0 8.1470
16 3 1 1 1 1 2 1 1 -1 0 1 0 1 1 4.5059
17 1 4 3 3 1 2 3 3 -1 1 0 0 1 1 9.5016
18 2 9 3 1 1 1 2 3 -1 1 1 0 0 0 5.6193
19 3 1 3 1 1 1 2 1 -1 1 0 0 0 0 6.0953
20 2 9 1 3 1 1 3 3 -1 1 0 0 1 0 11.4815
21 3 6 1 3 1 1 2 3 -1 1 0 0 0 0 10.8630
22 1 1 1 1 1 2 1 1 2 1 0 1 0 0 12.2638
23 2 2 1 3 2 2 3 1 -1 1 1 0 0 1 8.4911
24 1 4 3 1 1 2 1 2 3 1 0 1 0 0 13.5931
25 1 8 1 3 2 2 3 1 -1 0 1 0 0 1 9.2696
26 1 1 3 1 2 2 2 3 2 1 0 0 0 0 9.5187
27 3 6 2 2 1 2 2 2 -1 1 0 0 1 1 10.4461
28 3 6 2 2 1 1 2 -1 -1 1 0 0 1 1 1.0569
29 2 2 2 2 1 2 2 2 -1 0 1 0 1 1 7.0200
30 2 5 2 2 2 2 2 3 -1 1 0 0 0 0 4.3380
31 3 1 3 1 1 2 1 2 -1 1 0 0 0 0 4.2538
32 2 5 1 3 2 2 2 3 3 1 0 1 0 0 7.0332
33 1 4 3 1 2 2 1 2 2 1 0 1 0 0 9.3356
34 3 1 3 3 1 2 3 3 -1 1 0 0 1 1 9.4594
35 2 2 1 3 1 1 1 3 3 1 1 0 0 1 9.7983
36 1 1 2 2 1 2 2 1 -1 1 0 0 0 0 5.8082
37 1 6 1 3 2 2 1 3 3 1 0 1 0 1 8.4885
38 2 2 3 1 2 2 3 1 3 0 1 1 0 1 10.6196
39 1 8 3 1 1 2 1 2 3 1 1 0 0 0 3.6241
40 3 5 2 2 1 2 2 2 -1 1 0 0 1 1 5.9581
41 3 5 3 1 1 1 2 1 -1 0 1 0 0 0 5.3345
42 2 5 3 1 2 2 1 2 -1 1 1 0 0 0 8.1015
43 3 7 1 3 2 2 2 1 -1 1 0 0 0 0 3.8584
44 1 8 1 1 1 2 1 -1 -1 1 0 0 1 1 6.4299
45 3 5 3 3 1 2 3 -1 -1 1 0 0 1 1 6.8734
46 2 5 1 3 1 1 2 3 -1 1 0 0 0 0 6.0476
47 3 5 3 1 1 2 1 2 -1 1 0 0 0 0 3.5557
48 1 4 2 2 1 1 2 -1 -1 1 0 0 1 1 2.3993
49 1 4 3 1 1 1 1 2 2 1 1 0 0 0 4.6735
50 2 2 3 1 1 2 1 1 3 1 0 1 0 1 10.0744
51 3 1 1 3 2 2 3 1 1 1 1 0 0 1 7.3656
52 3 5 1 1 1 2 1 1 -1 1 0 0 1 1 6.1309
53 3 1 1 3 1 1 2 3 1 1 1 0 0 0 5.9667
54 2 2 3 3 1 2 3 -1 -1 1 0 0 1 1 10.4015
55 1 6 2 2 1 2 2 1 2 1 1 0 0 0 7.3304
56 3 5 3 1 2 2 1 2 -1 1 0 0 0 0 8.4097
57 3 6 3 1 2 2 2 1 -1 0 1 0 0 0 9.0197
58 3 7 1 3 1 2 3 1 -1 1 0 0 0 1 8.8696
59 1 6 3 3 1 2 3 2 -1 1 1 0 0 0 7.0291
60 2 2 1 3 1 2 1 3 1 1 1 0 0 1 8.5775
61 2 9 2 2 1 2 2 -1 -1 1 0 0 1 1 8.1210
62 2 9 1 3 2 2 3 1 1 1 1 0 0 1 5.9963
63 2 9 3 3 1 2 3 -1 -1 1 0 0 1 1 7.4721
64 1 1 3 3 1 2 3 -1 -1 1 0 0 1 1 5.2694
65 3 5 3 3 1 1 2 3 -1 1 1 0 0 0 6.5716
66 2 9 3 1 1 2 1 3 3 1 1 0 0 1 11.3255
67 3 1 2 2 1 2 2 1 -1 1 0 0 0 0 5.3151
68 1 8 1 3 1 2 3 1 -1 1 1 0 0 1 8.2286
69 1 6 1 3 1 1 2 3 -1 1 0 0 0 0 9.4458
70 1 1 1 3 2 2 2 3 -1 1 0 0 0 0 6.0896
71 3 7 3 1 1 1 1 3 -1 1 0 0 0 1 6.9695
72 1 6 1 1 1 1 1 -1 -1 1 0 0 1 1 10.5893
73 3 6 3 1 1 2 1 3 -1 1 0 0 0 1 10.3120
74 1 1 1 3 1 2 3 2 -1 0 1 0 0 0 7.6332
75 3 7 2 2 1 2 2 -1 -1 1 0 0 1 1 4.6145
76 1 8 3 1 2 2 3 1 -1 0 1 0 0 1 5.0697
77 3 6 1 3 1 2 3 2 1 0 1 1 0 0 8.1326
78 3 7 3 3 1 1 3 -1 -1 1 0 0 1 1 7.5878
79 2 9 3 1 2 2 1 -1 -1 1 0 0 1 0 8.0042
80 3 6 1 3 2 2 1 3 -1 1 0 0 0 1 7.9635
81 3 6 3 3 1 2 3 3 -1 1 0 0 1 1 4.5282
82 2 9 1 1 1 1 1 -1 -1 1 0 0 1 1 6.5212
83 3 7 1 3 1 1 3 1 1 1 1 0 0 1 4.8904
84 2 5 1 1 1 2 1 -1 -1 1 0 0 1 1 4.8984
85 1 4 1 3 1 1 1 3 2 1 1 0 0 0 9.5104
86 1 8 1 3 1 1 3 2 -1 0 1 0 0 0 7.0980
87 3 7 1 1 1 1 1 -1 -1 1 0 0 1 1 6.2181
88 3 6 1 1 1 2 1 -1 -1 1 0 0 1 1 17.4490
89 2 5 3 1 1 1 2 3 -1 1 0 0 0 0 6.6151
90 2 5 3 3 1 2 3 -1 -1 1 0 0 1 1 6.8830
91 3 6 3 1 1 1 1 3 -1 1 0 0 0 1 8.9249
92 1 4 1 3 2 2 1 2 3 1 0 1 0 0 5.7588
93 2 9 1 1 1 2 1 1 -1 1 0 0 1 1 8.9309
94 1 6 3 1 1 2 1 3 3 1 0 1 0 1 7.0338
95 1 8 3 1 1 1 1 3 3 1 1 0 0 1 5.5971
96 2 5 2 2 1 2 2 2 -1 1 0 0 1 1 5.2302
97 3 5 1 3 2 2 3 1 -1 0 1 0 0 1 8.7284
98 2 5 3 1 1 2 1 2 -1 1 0 0 0 0 7.4784
99 1 8 3 3 1 2 3 3 -1 1 0 0 1 1 5.7350
100 1 4 1 1 1 2 1 -1 -1 1 0 0 1 1 1.3082
101 1 4 2 2 1 2 2 -1 -1 1 0 0 1 1 0.6646
102 3 7 1 1 1 2 1 1 -1 1 0 0 1 1 1.8597
103 2 9 2 2 2 2 2 -1 -1 1 0 0 1 1 2.1266
104 3 7 3 1 2 2 2 2 1 0 1 1 0 0 6.7115
105 1 8 2 2 1 2 2 -1 -1 1 0 0 1 1 3.6155
106 3 5 1 3 1 1 2 -1 -1 1 0 0 1 0 4.0547
107 2 2 3 1 1 1 3 1 3 1 1 0 0 1 6.9425
108 1 6 3 1 1 1 2 3 -1 1 0 0 0 0 7.7805
109 2 5 3 3 1 1 3 -1 -1 1 0 0 1 1 4.1879
110 3 5 1 3 1 2 2 1 -1 0 1 0 0 0 8.9628
