Ear: B
Audiogram left  : NA
Audiogram right : NA
# Keys:
# Consonant_ID  : d=1 g=2 l=3 f=4 th=5 jh=6 p=7 sh=8 t=9 
# Vowel_ID      : IH=1 EH=2 AE=3 
# F0_ID         : high_f0=1 low_f0=2 
# Columns       : Trial Con1 Con2 V1 V2 F01 F02 Ans1V Ans2V Ans3V Ans1C Ans2C Ans3C OneType BothOK RT
1 2 5 1 3 1 2 2 1 3 1 1 0 0 0 5.7485
2 3 1 3 1 2 2 2 1 2 1 1 0 0 0 7.4993
3 1 6 3 1 2 2 3 1 -1 0 1 0 0 1 8.2278
4 1 1 3 1 1 1 2 3 -1 1 0 0 0 0 6.0255
5 3 7 3 3 2 2 3 -1 -1 1 0 0 1 1 4.8012
6 2 9 1 3 1 2 1 3 2 1 1 0 0 0 9.6630
7 3 1 1 3 1 2 3 1 -1 1 1 0 0 1 9.0898
8 3 7 3 1 1 2 1 2 3 1 0 1 0 0 12.4492
9 1 1 1 3 1 1 2 3 -1 1 0 0 0 0 5.1712
10 1 1 3 1 1 2 1 2 -1 0 1 0 0 0 12.2056
11 1 6 1 1 1 2 1 -1 -1 1 0 0 1 1 8.4740
12 1 4 1 3 1 2 3 1 -1 0 1 0 0 1 9.4147
13 3 7 3 3 1 2 3 -1 -1 1 0 0 1 1 8.2501
14 2 2 1 1 1 2 1 -1 -1 1 0 0 1 1 7.5884
15 1 6 1 3 1 2 3 2 -1 0 1 0 0 0 6.9192
16 3 1 1 1 1 2 1 1 -1 1 0 0 1 1 6.9707
17 1 4 3 3 1 2 3 -1 -1 1 0 0 1 1 6.4477
18 2 9 3 1 1 1 3 1 -1 0 1 0 0 1 6.7442
19 3 1 3 1 1 1 1 2 2 1 1 0 0 0 5.1133
20 2 9 1 3 1 1 3 3 -1 0 1 0 1 0 5.8666
21 3 6 1 3 1 1 2 3 -1 1 0 0 0 0 8.6170
22 1 1 1 1 1 2 1 2 -1 1 1 0 0 0 7.4355
23 2 2 1 3 2 2 2 1 -1 1 1 0 0 0 6.3137
24 1 4 3 1 1 2 1 2 -1 1 0 0 0 0 7.2575
25 1 8 1 3 2 2 3 1 2 0 1 1 0 0 10.4776
26 1 1 3 1 2 2 2 3 -1 1 0 0 0 0 6.6865
27 3 6 2 2 1 2 2 2 -1 1 0 0 1 1 5.7020
28 3 6 2 2 1 1 2 -1 -1 1 0 0 1 1 2.5346
29 2 2 2 2 1 2 2 2 -1 1 0 0 1 1 5.1894
30 2 5 2 2 2 2 2 3 -1 1 1 0 0 0 7.7571
31 3 1 3 1 1 2 1 2 1 1 1 0 0 0 7.6298
32 2 5 1 3 2 2 1 3 -1 1 1 0 0 1 7.4175
33 1 4 3 1 2 2 1 3 -1 1 0 0 0 1 7.3640
34 3 1 3 3 1 2 3 -1 -1 1 0 0 1 1 8.4310
35 2 2 1 3 1 1 3 1 -1 1 1 0 0 1 9.3294
36 1 1 2 2 1 2 2 -1 -1 1 0 0 1 1 7.8422
37 1 6 1 3 2 2 3 1 -1 0 1 0 0 1 5.6578
38 2 2 3 1 2 2 3 1 -1 1 1 0 0 1 9.4579
39 1 8 3 1 1 2 1 2 -1 1 0 0 0 0 11.2573
40 3 5 2 2 1 2 2 -1 -1 1 0 0 1 1 8.6590
41 3 5 3 1 1 1 1 2 -1 1 1 0 0 0 7.6751
42 2 5 3 1 2 2 1 3 -1 1 0 0 0 1 5.6383
43 3 7 1 3 2 2 1 3 2 1 1 1 0 0 11.5307
44 1 8 1 1 1 2 1 -1 -1 1 0 0 1 1 6.9711
45 3 5 3 3 1 2 3 2 -1 1 1 0 0 0 10.8612
46 2 5 1 3 1 1 1 3 -1 1 0 0 0 1 6.7570
47 3 5 3 1 1 2 1 2 -1 1 0 0 0 0 8.4608
48 1 4 2 2 1 1 2 -1 -1 1 0 0 1 1 7.4300
49 1 4 3 1 1 1 1 -1 -1 1 0 0 1 0 5.0725
50 2 2 3 1 1 2 1 3 -1 1 0 0 0 1 7.4641
51 3 1 1 3 2 2 3 1 -1 1 1 0 0 1 6.2789
52 3 5 1 1 1 2 1 -1 -1 1 0 0 1 1 10.4731
53 3 1 1 3 1 1 3 1 -1 1 1 0 0 1 4.1780
54 2 2 3 3 1 2 3 -1 -1 1 0 0 1 1 6.4072
55 1 6 2 2 1 2 2 -1 -1 1 0 0 1 1 4.6973
56 3 5 3 1 2 2 1 2 -1 1 0 0 0 0 3.7950
57 3 6 3 1 2 2 1 3 -1 1 0 0 0 1 8.9605
58 3 7 1 3 1 2 1 3 -1 1 1 0 0 1 8.8151
59 1 6 3 3 1 2 2 3 -1 1 1 0 0 0 9.2102
60 2 2 1 3 1 2 1 3 -1 1 1 0 0 1 8.8469
61 2 9 2 2 1 2 2 -1 -1 1 0 0 1 1 4.1999
62 2 9 1 3 2 2 3 1 -1 1 1 0 0 1 8.3525
63 2 9 3 3 1 2 3 3 -1 1 0 0 1 1 5.9243
64 1 1 3 3 1 2 3 -1 -1 1 0 0 1 1 7.9375
65 3 5 3 3 1 1 2 3 -1 1 1 0 0 0 9.0620
66 2 9 3 1 1 2 1 3 -1 1 1 0 0 1 5.9458
67 3 1 2 2 1 2 2 -1 -1 1 0 0 1 1 5.2430
68 1 8 1 3 1 2 1 3 -1 1 0 0 0 1 11.6142
69 1 6 1 3 1 1 2 -1 -1 1 0 0 1 0 6.7851
70 1 1 1 3 2 2 2 3 2 1 0 0 0 0 9.3026
71 3 7 3 1 1 1 1 2 -1 1 1 0 0 0 9.2504
72 1 6 1 1 1 1 1 -1 -1 1 0 0 1 1 5.7131
73 3 6 3 1 1 2 1 2 -1 1 0 0 0 0 3.7263
74 1 1 1 3 1 2 3 2 -1 0 1 0 0 0 10.9230
75 3 7 2 2 1 2 2 -1 -1 1 0 0 1 1 3.8381
76 1 8 3 1 2 2 1 3 -1 1 0 0 0 1 7.7396
77 3 6 1 3 1 2 2 3 -1 1 0 0 0 0 6.1008
78 3 7 3 3 1 1 3 -1 -1 1 0 0 1 1 9.0989
79 2 9 3 1 2 2 1 3 -1 1 0 0 0 1 12.2397
80 3 6 1 3 2 2 2 -1 -1 1 0 0 1 0 1.5276
81 3 6 3 3 1 2 3 -1 -1 1 0 0 1 1 2.7803
82 2 9 1 1 1 1 1 -1 -1 1 0 0 1 1 1.2957
83 3 7 1 3 1 1 2 3 -1 1 1 0 0 0 6.7276
84 2 5 1 1 1 2 1 -1 -1 1 0 0 1 1 9.7148
85 1 4 1 3 1 1 3 1 -1 1 0 0 0 1 7.7622
86 1 8 1 3 1 1 1 2 -1 1 0 0 0 0 8.1390
87 3 7 1 1 1 1 1 -1 -1 1 0 0 1 1 8.0349
88 3 6 1 1 1 2 1 -1 -1 1 0 0 1 1 4.6813
89 2 5 3 1 1 1 1 2 2 1 1 0 0 0 6.0206
90 2 5 3 3 1 2 3 -1 -1 1 0 0 1 1 9.4034
91 3 6 3 1 1 1 1 2 -1 1 0 0 0 0 5.0442
92 1 4 1 3 2 2 3 1 2 1 1 0 0 0 3.6092
93 2 9 1 1 1 2 1 -1 -1 1 0 0 1 1 8.1104
94 1 6 3 1 1 2 1 2 -1 1 0 0 0 0 10.0531
95 1 8 3 1 1 1 1 2 -1 1 0 0 0 0 5.2318
96 2 5 2 2 1 2 2 2 -1 1 0 0 1 1 5.4761
97 3 5 1 3 2 2 1 3 2 1 1 0 0 0 6.9815
98 2 5 3 1 1 2 1 2 -1 1 1 0 0 0 7.7724
99 1 8 3 3 1 2 3 -1 -1 1 0 0 1 1 5.2585
100 1 4 1 1 1 2 1 -1 -1 1 0 0 1 1 4.7561
101 1 4 2 2 1 2 2 -1 -1 1 0 0 1 1 5.0033
102 3 7 1 1 1 2 1 -1 -1 1 0 0 1 1 5.8339
103 2 9 2 2 2 2 2 -1 -1 1 0 0 1 1 7.6213
104 3 7 3 1 2 2 2 1 -1 1 1 0 0 0 6.1363
105 1 8 2 2 1 2 2 -1 -1 1 0 0 1 1 6.0267
106 3 5 1 3 1 1 1 2 -1 1 1 0 0 0 9.3913
107 2 2 3 1 1 1 3 1 2 1 1 0 0 0 5.5967
108 1 6 3 1 1 1 2 1 -1 1 1 0 0 0 9.6629
109 2 5 3 3 1 1 3 -1 -1 1 0 0 1 1 8.2026
110 3 5 1 3 1 2 1 3 -1 1 0 0 0 1 7.8617
