Ear: B
Audiogram left  : NA
Audiogram right : NA
# Keys:
# Consonant_ID  : d=1 g=2 l=3 f=4 th=5 jh=6 p=7 sh=8 t=9 
# Vowel_ID      : IH=1 EH=2 AE=3 
# F0_ID         : high_f0=1 low_f0=2 
# Columns       : Trial Con1 Con2 V1 V2 F01 F02 Ans1V Ans2V Ans3V Ans1C Ans2C Ans3C OneType BothOK RT
1 2 5 1 3 1 2 1 1 3 0 1 1 0 1 10.5167
2 3 1 3 1 2 2 1 3 2 1 0 0 0 0 11.4354
3 1 6 3 1 2 2 1 3 -1 1 0 0 0 1 12.5145
4 1 1 3 1 1 1 3 2 -1 0 1 0 0 0 11.5223
5 3 7 3 3 2 2 3 -1 -1 1 0 0 1 1 3.8620
6 2 9 1 3 1 2 2 3 -1 1 0 0 0 0 13.5980
7 3 1 1 3 1 2 1 2 -1 1 1 0 0 0 11.8688
8 3 7 3 1 1 2 1 2 -1 1 1 0 0 0 11.5995
9 1 1 1 3 1 1 3 2 -1 0 1 0 0 0 12.1367
10 1 1 3 1 1 2 1 3 -1 1 1 0 0 1 13.7673
11 1 6 1 1 1 2 1 -1 -1 1 0 0 1 1 7.3985
12 1 4 1 3 1 2 1 3 -1 1 1 0 0 1 9.0383
13 3 7 3 3 1 2 3 1 1 1 0 1 0 0 9.0895
14 2 2 1 1 1 2 1 1 -1 0 1 0 1 1 10.0246
15 1 6 1 3 1 2 3 2 -1 0 1 0 0 0 11.1466
16 3 1 1 1 1 2 1 1 -1 1 0 0 1 1 8.6877
17 1 4 3 3 1 2 3 3 -1 1 0 0 1 1 7.4739
18 2 9 3 1 1 1 2 3 1 1 1 0 0 0 5.3981
19 3 1 3 1 1 1 2 3 1 1 0 1 0 0 10.6097
20 2 9 1 3 1 1 3 1 -1 1 1 0 0 1 9.9199
21 3 6 1 3 1 1 3 2 -1 0 1 0 0 0 10.5209
22 1 1 1 1 1 2 1 2 -1 0 1 0 0 0 9.2597
23 2 2 1 3 2 2 1 3 -1 1 1 0 0 1 10.9837
24 1 4 3 1 1 2 1 3 2 1 0 1 0 0 11.4536
25 1 8 1 3 2 2 3 1 -1 0 1 0 0 1 6.5321
26 1 1 3 1 2 2 3 1 -1 0 1 0 0 1 10.8638
27 3 6 2 2 1 2 2 1 2 1 0 0 0 0 8.0017
28 3 6 2 2 1 1 2 -1 -1 1 0 0 1 1 3.4782
29 2 2 2 2 1 2 2 3 -1 1 0 0 0 0 12.9072
30 2 5 2 2 2 2 2 -1 -1 1 0 0 1 1 9.4565
31 3 1 3 1 1 2 2 1 -1 0 1 0 0 0 14.3215
32 2 5 1 3 2 2 1 3 -1 1 0 0 0 1 10.1831
33 1 4 3 1 2 2 1 3 -1 1 1 0 0 1 7.8430
34 3 1 3 3 1 2 3 3 -1 1 0 0 1 1 7.0669
35 2 2 1 3 1 1 1 3 -1 1 1 0 0 1 10.1190
36 1 1 2 2 1 2 2 2 -1 1 0 0 1 1 6.2993
37 1 6 1 3 2 2 3 1 -1 0 1 0 0 1 8.4485
38 2 2 3 1 2 2 1 3 1 1 1 0 0 1 8.1769
39 1 8 3 1 1 2 1 3 -1 1 0 0 0 1 8.5803
40 3 5 2 2 1 2 2 1 -1 1 1 0 0 0 6.6808
41 3 5 3 1 1 1 2 1 2 1 1 0 0 0 6.6542
42 2 5 3 1 2 2 2 1 3 1 1 0 0 0 7.4109
43 3 7 1 3 2 2 2 1 -1 1 0 0 0 0 7.1202
44 1 8 1 1 1 2 1 -1 -1 1 0 0 1 1 5.4618
45 3 5 3 3 1 2 3 3 -1 0 1 0 1 1 5.7365
46 2 5 1 3 1 1 2 3 -1 1 0 0 0 0 6.5417
47 3 5 3 1 1 2 2 1 3 0 1 1 0 0 7.1495
48 1 4 2 2 1 1 2 -1 -1 1 0 0 1 1 6.4456
49 1 4 3 1 1 1 1 1 -1 1 0 0 1 0 8.6537
50 2 2 3 1 1 2 3 1 3 1 1 0 0 1 6.3736
51 3 1 1 3 2 2 3 1 -1 1 1 0 0 1 5.2179
52 3 5 1 1 1 2 1 -1 -1 1 0 0 1 1 7.1807
53 3 1 1 3 1 1 1 3 -1 0 1 0 0 1 6.7377
54 2 2 3 3 1 2 3 -1 -1 1 0 0 1 1 9.5892
55 1 6 2 2 1 2 2 -1 -1 1 0 0 1 1 7.9826
56 3 5 3 1 2 2 1 3 -1 1 0 0 0 1 7.8900
57 3 6 3 1 2 2 1 3 -1 1 1 0 0 1 7.8695
58 3 7 1 3 1 2 1 1 -1 1 0 0 1 0 8.6084
59 1 6 3 3 1 2 3 -1 -1 1 0 0 1 1 11.0443
60 2 2 1 3 1 2 3 1 1 1 1 0 0 1 7.1851
61 2 9 2 2 1 2 2 -1 -1 1 0 0 1 1 3.9735
62 2 9 1 3 2 2 3 1 1 1 1 0 0 1 6.1606
63 2 9 3 3 1 2 3 1 -1 1 0 0 0 0 6.6980
64 1 1 3 3 1 2 3 -1 -1 1 0 0 1 1 4.9308
65 3 5 3 3 1 1 2 -1 -1 1 0 0 1 0 4.3805
66 2 9 3 1 1 2 1 2 -1 1 1 0 0 0 7.4876
67 3 1 2 2 1 2 2 2 -1 1 0 0 1 1 7.1612
68 1 8 1 3 1 2 1 3 -1 1 0 0 0 1 7.9504
69 1 6 1 3 1 1 2 3 -1 1 0 0 0 0 8.0628
70 1 1 1 3 2 2 2 3 -1 1 0 0 0 0 7.5594
71 3 7 3 1 1 1 1 3 -1 1 1 0 0 1 5.8296
72 1 6 1 1 1 1 1 -1 -1 1 0 0 1 1 8.9276
73 3 6 3 1 1 2 1 3 -1 1 0 0 0 1 6.5559
74 1 1 1 3 1 2 2 3 -1 1 0 0 0 0 8.0632
75 3 7 2 2 1 2 2 2 -1 1 0 0 1 1 7.6089
76 1 8 3 1 2 2 1 3 -1 1 0 0 0 1 6.9497
77 3 6 1 3 1 2 2 1 -1 1 0 0 0 0 6.6764
78 3 7 3 3 1 1 3 -1 -1 1 0 0 1 1 4.7805
79 2 9 3 1 2 2 3 1 -1 0 1 0 0 1 8.1412
80 3 6 1 3 2 2 3 1 -1 0 1 0 0 1 7.9185
81 3 6 3 3 1 2 3 3 -1 1 0 0 1 1 7.3471
82 2 9 1 1 1 1 1 2 -1 1 1 0 0 0 8.9824
83 3 7 1 3 1 1 1 3 -1 1 1 0 0 1 6.6821
84 2 5 1 1 1 2 1 1 -1 1 0 0 1 1 5.9786
85 1 4 1 3 1 1 1 3 -1 1 1 0 0 1 10.3679
86 1 8 1 3 1 1 1 3 -1 1 0 0 0 1 6.4868
87 3 7 1 1 1 1 1 -1 -1 1 0 0 1 1 4.3315
88 3 6 1 1 1 2 1 1 -1 1 0 0 1 1 6.3903
89 2 5 3 1 1 1 2 3 -1 1 0 0 0 0 5.5331
90 2 5 3 3 1 2 3 -1 -1 1 0 0 1 1 3.9700
91 3 6 3 1 1 1 1 2 -1 1 1 0 0 0 6.1164
92 1 4 1 3 2 2 1 3 3 1 0 1 0 1 7.3153
93 2 9 1 1 1 2 1 2 -1 1 1 0 0 0 6.1873
94 1 6 3 1 1 2 1 3 -1 1 0 0 0 1 8.2296
95 1 8 3 1 1 1 1 3 3 1 1 0 0 1 7.5792
96 2 5 2 2 1 2 2 -1 -1 1 0 0 1 1 6.8765
97 3 5 1 3 2 2 1 3 -1 1 0 0 0 1 5.4495
98 2 5 3 1 1 2 1 2 -1 1 1 0 0 0 7.0504
99 1 8 3 3 1 2 3 -1 -1 1 0 0 1 1 5.1789
100 1 4 1 1 1 2 1 -1 -1 1 0 0 1 1 4.4162
101 1 4 2 2 1 2 2 -1 -1 1 0 0 1 1 5.9868
102 3 7 1 1 1 2 1 1 -1 1 0 0 1 1 5.5912
103 2 9 2 2 2 2 2 -1 -1 1 0 0 1 1 3.4320
104 3 7 3 1 2 2 2 1 -1 1 1 0 0 0 7.2767
105 1 8 2 2 1 2 2 -1 -1 1 0 0 1 1 11.4675
106 3 5 1 3 1 1 2 1 2 1 1 0 0 0 8.5668
107 2 2 3 1 1 1 1 3 -1 1 1 0 0 1 8.9897
108 1 6 3 1 1 1 2 3 -1 1 0 0 0 0 6.3417
109 2 5 3 3 1 1 3 -1 -1 1 0 0 1 1 4.2292
110 3 5 1 3 1 2 1 3 -1 1 0 0 0 1 10.1323
