Ear: B
Audiogram left  : NA
Audiogram right : NA
# Keys:
# Consonant_ID  : d=1 g=2 l=3 f=4 th=5 jh=6 p=7 sh=8 t=9 
# Vowel_ID      : IH=1 EH=2 AE=3 
# F0_ID         : high_f0=1 low_f0=2 # Columns       : Trial Consonant_1_ID Consonant_2_ID Vowel_ID F0_ID Heard_Consonant Answer_vowel Correct Time_elapsed
1 1 8 3 1 1 3 1 0.8838
2 3 7 3 1 1 3 1 0.1547
3 1 6 1 1 1 1 1 0.0320
4 2 5 1 1 1 2 0 0.7281
5 3 1 2 2 1 2 1 1.8246
6 2 9 2 2 1 2 1 0.6287
7 1 8 3 2 1 3 1 0.3684
8 3 5 2 2 1 2 1 0.7578
9 3 5 1 2 1 1 1 0.6242
10 2 5 1 2 1 1 1 0.7157
11 1 1 2 2 1 2 1 0.7955
12 3 5 3 2 1 3 1 0.3997
13 1 1 3 1 1 3 1 0.3653
14 2 2 2 2 1 2 1 0.1130
15 2 2 3 1 1 3 1 0.2562
16 1 4 1 2 1 1 1 0.5063
17 3 5 2 1 1 2 1 0.2344
18 3 5 1 1 1 1 1 1.3488
19 2 5 2 1 1 2 1 0.6951
20 1 1 3 2 1 3 1 0.7292
21 1 4 3 2 1 3 1 0.5034
22 2 5 3 1 1 3 1 0.5339
23 1 6 3 2 1 3 1 0.4813
24 3 6 2 2 1 2 1 1.3696
25 3 6 3 2 1 3 1 0.1032
26 3 6 2 1 1 2 1 1.2753
27 2 9 2 1 1 2 1 0.6988
28 1 6 2 2 1 2 1 0.5824
29 1 4 2 1 1 2 1 1.5501
30 1 6 1 2 1 1 1 0.9384
31 1 6 2 1 1 2 1 0.1315
32 1 4 2 2 1 2 1 0.1943
33 2 2 3 2 1 3 1 0.6849
34 3 1 3 1 1 3 1 0.1353
35 3 7 2 2 1 2 1 2.2288
36 3 1 3 2 1 3 1 0.4405
37 3 6 3 1 1 3 1 0.0211
38 1 8 2 2 1 2 1 0.3264
39 1 8 2 1 1 2 1 0.8930
40 3 7 3 2 1 3 1 0.4011
41 2 2 1 2 1 1 1 1.4400
42 1 6 3 1 1 3 1 0.5660
43 3 7 1 1 1 1 1 1.1471
44 1 8 1 1 1 1 1 0.6642
45 2 2 2 1 1 3 0 1.3999
46 3 6 1 2 1 1 1 0.7457
47 2 9 3 2 1 3 1 0.9955
48 1 1 2 1 1 2 1 1.7341
49 2 9 1 1 1 1 1 0.0529
50 1 1 1 2 1 1 1 0.6084
51 3 7 1 2 1 1 1 2.2096
52 3 1 2 1 1 2 1 0.6671
53 2 9 3 1 1 3 1 0.5965
54 3 1 1 2 1 1 1 0.7599
55 2 5 3 2 1 3 1 0.4729
56 3 5 3 1 1 3 1 0.4098
57 2 9 1 2 1 1 1 1.1764
58 1 8 1 2 1 1 1 1.8572
59 3 7 2 1 1 2 1 0.6153
60 2 2 1 1 1 1 1 0.6366
61 3 6 1 1 1 1 1 1.0467
62 3 1 1 1 1 1 1 0.2938
63 2 5 2 2 1 2 1 0.8013
64 1 4 3 1 1 3 1 2.6768
65 1 4 1 1 1 1 1 0.9285
66 1 1 1 1 1 1 1 0.9581
