Ear: L
Audiogram left  : NA
Audiogram right : NA
# Keys:
# Consonant_ID  : d=1 g=2 l=3 f=4 th=5 jh=6 p=7 sh=8 t=9 
# Vowel_ID      : IH=1 EH=2 AE=3 
# F0_ID         : high_f0=1 low_f0=2 # Columns       : Trial Consonant_1_ID Consonant_2_ID Vowel_ID F0_ID Heard_Consonant Answer_vowel Correct Time_elapsed
1 1 4 3 2 1 3 1 1.4305
2 3 7 1 1 1 1 1 0.8901
3 2 2 2 1 1 2 1 1.6238
4 2 9 3 1 1 3 1 0.3796
5 2 2 1 2 1 1 1 0.0840
6 3 5 1 2 1 1 1 1.2954
7 2 5 2 1 1 2 1 0.2447
8 1 6 1 2 1 1 1 0.6426
9 3 7 1 2 1 1 1 1.3582
10 2 5 1 1 1 1 1 0.8025
11 3 7 2 1 1 2 1 0.7323
12 2 9 1 1 1 1 1 0.4796
13 1 6 1 1 1 1 1 0.6366
14 3 1 3 2 1 3 1 0.4195
15 1 4 3 1 1 3 1 0.3791
16 3 6 1 1 1 1 1 0.9979
17 1 4 2 2 1 2 1 0.1136
18 1 1 1 2 1 1 1 0.5286
19 1 4 2 1 1 2 1 0.5645
20 3 1 2 2 1 2 1 0.4804
21 2 5 3 2 1 3 1 0.2064
22 1 6 2 2 1 2 1 0.2679
23 1 8 3 2 1 3 1 0.7874
24 2 9 1 2 1 1 1 0.6529
25 1 1 2 2 1 2 1 0.7300
26 2 5 1 2 1 1 1 2.0630
27 3 7 2 2 1 2 1 0.7182
28 1 4 1 2 1 1 1 0.5614
29 3 7 3 2 1 3 1 0.5968
30 3 6 2 2 1 2 1 0.9285
31 3 1 2 1 1 2 1 3.7884
32 3 5 2 2 1 2 1 0.5741
33 3 6 1 2 1 1 1 0.9831
34 1 6 3 2 1 3 1 0.4364
35 2 9 3 2 1 3 1 0.6447
36 2 2 1 1 1 1 1 2.2153
37 3 1 3 1 1 3 1 0.4791
38 2 9 2 2 1 2 1 0.0305
39 1 1 1 1 1 1 1 0.9437
40 1 1 2 1 1 2 1 0.2852
41 2 2 3 2 1 3 1 2.2131
42 3 6 2 1 1 2 1 0.3262
43 1 6 3 1 1 3 1 0.0221
44 1 6 2 1 1 2 1 2.1341
45 1 8 1 2 1 1 1 0.5405
46 2 5 3 1 1 3 1 0.1566
47 3 1 1 2 1 1 1 0.5513
48 2 5 2 2 1 2 1 0.3581
49 1 8 2 2 1 2 1 0.4298
50 3 5 3 2 1 1 0 0.2082
51 3 1 1 1 1 1 1 0.4371
52 1 8 2 1 1 2 1 0.4294
53 1 1 3 1 1 3 1 0.6117
54 3 5 1 1 1 1 1 1.5191
55 3 6 3 2 1 3 1 1.0590
56 1 8 1 1 1 1 1 1.2344
57 1 4 1 1 1 1 1 0.4349
58 2 2 3 1 1 3 1 1.0422
59 1 1 3 2 1 3 1 0.1722
60 2 2 2 2 1 3 0 0.9890
61 1 8 3 1 1 3 1 0.8760
62 3 5 2 1 1 2 1 0.4474
63 3 6 3 1 1 3 1 0.4678
64 3 5 3 1 1 3 1 0.6821
65 2 9 2 1 1 2 1 0.6020
66 3 7 3 1 1 3 1 0.4960
