Ear: B
Audiogram left  : NA
Audiogram right : NA
# Keys:
# Consonant_ID  : d=1 g=2 l=3 f=4 th=5 jh=6 p=7 sh=8 t=9 
# Vowel_ID      : IH=1 EH=2 AE=3 
# F0_ID         : high_f0=1 low_f0=2 
# Columns       : Trial Con1 Con2 V1 V2 F01 F02 Ans1V Ans2V Ans3V Ans1C Ans2C Ans3C OneType BothOK RT
1 2 5 1 3 1 2 2 3 -1 1 0 0 0 0 11.3192
2 3 1 3 1 2 2 2 1 -1 1 1 0 0 0 6.9504
3 1 6 3 1 2 2 1 3 -1 1 0 0 0 1 8.5667
4 1 1 3 1 1 1 2 1 2 1 0 0 0 0 10.7503
5 3 7 3 3 2 2 3 -1 -1 1 0 0 1 1 5.4830
6 2 9 1 3 1 2 3 2 -1 0 1 0 0 0 7.1949
7 3 1 1 3 1 2 2 3 -1 1 0 0 0 0 9.3268
8 3 7 3 1 1 2 1 3 -1 1 0 0 0 1 5.8774
9 1 1 1 3 1 1 2 3 -1 1 1 0 0 0 6.8244
10 1 1 3 1 1 2 2 -1 -1 1 0 0 1 0 8.2718
11 1 6 1 1 1 2 1 -1 -1 1 0 0 1 1 7.6811
12 1 4 1 3 1 2 3 -1 -1 1 0 0 1 0 10.9252
13 3 7 3 3 1 2 3 -1 -1 1 0 0 1 1 6.8239
14 2 2 1 1 1 2 1 -1 -1 1 0 0 1 1 5.5021
15 1 6 1 3 1 2 3 2 -1 1 1 0 0 0 7.6507
16 3 1 1 1 1 2 1 1 -1 1 0 0 1 1 4.0957
17 1 4 3 3 1 2 3 -1 -1 1 0 0 1 1 5.1721
18 2 9 3 1 1 1 2 3 -1 1 1 0 0 0 8.1361
19 3 1 3 1 1 1 2 2 -1 1 0 0 1 0 7.2269
20 2 9 1 3 1 1 3 2 3 1 1 0 0 0 6.9198
21 3 6 1 3 1 1 2 3 -1 1 0 0 0 0 5.1128
22 1 1 1 1 1 2 2 1 -1 1 0 0 0 0 7.1429
23 2 2 1 3 2 2 1 3 -1 1 1 0 0 1 7.1554
24 1 4 3 1 1 2 1 1 -1 1 0 0 1 0 5.4963
25 1 8 1 3 2 2 2 3 -1 1 0 0 0 0 7.4069
26 1 1 3 1 2 2 2 1 -1 1 0 0 0 0 5.3990
27 3 6 2 2 1 2 2 2 -1 1 0 0 1 1 5.4549
28 3 6 2 2 1 1 2 -1 -1 1 0 0 1 1 4.0653
29 2 2 2 2 1 2 2 -1 -1 1 0 0 1 1 6.2234
30 2 5 2 2 2 2 2 -1 -1 1 0 0 1 1 4.1482
31 3 1 3 1 1 2 1 2 2 1 1 0 0 0 8.8188
32 2 5 1 3 2 2 3 -1 -1 1 0 0 1 0 3.9269
33 1 4 3 1 2 2 1 2 2 1 1 0 0 0 7.7498
34 3 1 3 3 1 2 3 -1 -1 1 0 0 1 1 6.1004
35 2 2 1 3 1 1 2 1 3 1 1 0 0 0 6.7243
36 1 1 2 2 1 2 2 2 -1 1 0 0 1 1 5.7928
37 1 6 1 3 2 2 3 1 3 1 1 0 0 1 3.5763
38 2 2 3 1 2 2 1 3 -1 1 1 0 0 1 9.0250
39 1 8 3 1 1 2 1 1 3 0 1 0 0 1 7.9110
40 3 5 2 2 1 2 2 1 2 1 0 0 0 0 7.5692
41 3 5 3 1 1 1 1 2 -1 1 0 0 0 0 6.3528
42 2 5 3 1 2 2 1 2 -1 1 0 0 0 0 6.4514
43 3 7 1 3 2 2 3 1 3 1 1 0 0 1 6.0149
44 1 8 1 1 1 2 1 -1 -1 1 0 0 1 1 5.8610
45 3 5 3 3 1 2 3 -1 -1 1 0 0 1 1 4.8701
46 2 5 1 3 1 1 2 -1 -1 1 0 0 1 0 4.3085
47 3 5 3 1 1 2 1 -1 -1 1 0 0 1 0 5.7277
48 1 4 2 2 1 1 2 -1 -1 1 0 0 1 1 5.1190
49 1 4 3 1 1 1 1 2 -1 1 0 0 0 0 4.3986
50 2 2 3 1 1 2 1 3 -1 1 1 0 0 1 7.3057
51 3 1 1 3 2 2 3 1 -1 1 1 0 0 1 7.4471
52 3 5 1 1 1 2 1 -1 -1 1 0 0 1 1 4.9219
53 3 1 1 3 1 1 3 3 1 1 0 1 0 1 7.4218
54 2 2 3 3 1 2 3 -1 -1 1 0 0 1 1 6.6993
55 1 6 2 2 1 2 2 -1 -1 1 0 0 1 1 5.2161
56 3 5 3 1 2 2 1 2 -1 1 1 0 0 0 6.1987
57 3 6 3 1 2 2 1 3 -1 1 0 0 0 1 6.5726
58 3 7 1 3 1 2 1 2 -1 1 1 0 0 0 7.2348
59 1 6 3 3 1 2 3 -1 -1 1 0 0 1 1 7.9688
60 2 2 1 3 1 2 3 1 -1 1 1 0 0 1 5.4185
61 2 9 2 2 1 2 2 -1 -1 1 0 0 1 1 6.7629
62 2 9 1 3 2 2 3 1 -1 1 0 0 0 1 6.4171
63 2 9 3 3 1 2 3 -1 -1 1 0 0 1 1 4.9489
64 1 1 3 3 1 2 3 3 -1 1 0 0 1 1 6.3219
65 3 5 3 3 1 1 2 -1 -1 1 0 0 1 0 4.7154
66 2 9 3 1 1 2 1 2 -1 1 0 0 0 0 5.6725
67 3 1 2 2 1 2 2 1 -1 1 0 0 0 0 6.6901
68 1 8 1 3 1 2 1 3 -1 1 0 0 0 1 8.0389
69 1 6 1 3 1 1 2 3 -1 1 0 0 0 0 5.7808
70 1 1 1 3 2 2 2 3 -1 1 0 0 0 0 6.6170
71 3 7 3 1 1 1 1 2 -1 1 0 0 0 0 5.7845
72 1 6 1 1 1 1 1 -1 -1 1 0 0 1 1 5.0195
73 3 6 3 1 1 2 1 3 -1 1 0 0 0 1 6.1659
74 1 1 1 3 1 2 2 -1 -1 1 0 0 1 0 5.4151
75 3 7 2 2 1 2 2 -1 -1 1 0 0 1 1 5.7416
76 1 8 3 1 2 2 1 3 -1 1 0 0 0 1 7.9328
77 3 6 1 3 1 2 2 3 1 1 0 1 0 0 7.7994
78 3 7 3 3 1 1 3 -1 -1 1 0 0 1 1 5.3216
79 2 9 3 1 2 2 1 2 -1 1 1 0 0 0 5.9757
80 3 6 1 3 2 2 1 3 -1 1 0 0 0 1 7.2283
81 3 6 3 3 1 2 3 -1 -1 1 0 0 1 1 5.4990
82 2 9 1 1 1 1 1 -1 -1 1 0 0 1 1 3.9102
83 3 7 1 3 1 1 3 1 -1 1 1 0 0 1 7.2573
84 2 5 1 1 1 2 1 -1 -1 1 0 0 1 1 6.2293
85 1 4 1 3 1 1 1 2 -1 1 0 0 0 0 7.8625
86 1 8 1 3 1 1 1 3 -1 1 0 0 0 1 6.9388
87 3 7 1 1 1 1 1 -1 -1 1 0 0 1 1 4.3755
88 3 6 1 1 1 2 1 -1 -1 1 0 0 1 1 5.1587
89 2 5 3 1 1 1 1 2 -1 1 0 0 0 0 5.8169
90 2 5 3 3 1 2 3 -1 -1 1 0 0 1 1 6.8600
91 3 6 3 1 1 1 1 2 -1 1 0 0 0 0 4.4382
92 1 4 1 3 2 2 1 2 -1 1 0 0 0 0 5.1399
93 2 9 1 1 1 2 1 -1 -1 1 0 0 1 1 4.5876
94 1 6 3 1 1 2 1 -1 -1 1 0 0 1 0 4.1587
95 1 8 3 1 1 1 1 -1 -1 1 0 0 1 0 4.9216
96 2 5 2 2 1 2 2 -1 -1 1 0 0 1 1 6.8530
97 3 5 1 3 2 2 1 3 -1 1 0 0 0 1 5.2614
98 2 5 3 1 1 2 1 1 -1 1 0 0 1 0 6.7214
99 1 8 3 3 1 2 3 -1 -1 1 0 0 1 1 8.8476
100 1 4 1 1 1 2 1 -1 -1 1 0 0 1 1 3.1208
101 1 4 2 2 1 2 2 -1 -1 1 0 0 1 1 5.2175
102 3 7 1 1 1 2 1 -1 -1 1 0 0 1 1 5.0715
103 2 9 2 2 2 2 2 -1 -1 1 0 0 1 1 3.8446
104 3 7 3 1 2 2 1 2 -1 1 0 0 0 0 6.4128
105 1 8 2 2 1 2 2 -1 -1 1 0 0 1 1 4.1718
106 3 5 1 3 1 1 2 1 -1 1 1 0 0 0 4.9711
107 2 2 3 1 1 1 1 3 -1 1 1 0 0 1 9.3391
108 1 6 3 1 1 1 2 -1 -1 1 0 0 1 0 7.7314
109 2 5 3 3 1 1 3 -1 -1 1 0 0 1 1 5.7174
110 3 5 1 3 1 2 1 2 -1 1 1 0 0 0 5.9158
