Ear: B
Audiogram left  : NA
Audiogram right : NA
# Keys:
# Consonant_ID  : d=1 g=2 l=3 f=4 th=5 jh=6 p=7 sh=8 t=9 
# Vowel_ID      : IH=1 EH=2 AE=3 
# F0_ID         : high_f0=1 low_f0=2 # Columns       : Trial Consonant_1_ID Consonant_2_ID Vowel_ID F0_ID Heard_Consonant Answer_vowel Correct Time_elapsed
1 3 5 1 2 1 1 1 0.5816
2 2 5 2 2 1 2 1 1.1859
3 3 1 1 1 1 1 1 0.8476
4 1 4 3 1 1 2 0 0.5845
5 3 1 2 1 1 2 1 0.9745
6 2 2 2 2 1 2 1 1.7053
7 1 8 1 1 1 1 1 0.8407
8 3 7 1 1 1 1 1 0.7501
9 2 5 1 1 1 1 1 0.5813
10 2 2 1 2 0 1 1 1.7696
11 3 5 2 1 1 2 1 1.3445
12 2 9 2 1 1 2 1 1.0765
13 3 5 3 1 1 3 1 0.7732
14 1 6 2 2 1 2 1 0.7608
15 1 8 2 2 1 2 1 1.1534
16 3 7 1 2 1 1 1 0.9995
17 3 1 3 2 1 3 1 0.7246
18 2 5 1 2 1 1 1 0.5696
19 2 2 2 1 1 2 1 2.2558
20 3 6 3 2 1 3 1 1.0844
21 1 1 1 2 1 2 0 1.9874
22 3 5 3 2 1 2 0 1.5464
23 2 9 3 1 1 3 1 1.1568
24 2 5 3 2 1 2 0 0.7610
25 1 8 2 1 1 2 1 2.3969
26 3 6 2 2 1 2 1 1.3929
27 2 2 1 1 1 1 1 2.2079
28 3 6 1 1 1 1 1 0.9752
29 1 8 1 2 1 1 1 0.9595
30 2 9 3 2 1 3 1 0.8494
31 3 7 3 1 1 2 0 0.7064
32 3 7 2 2 1 2 1 0.5199
33 3 1 1 2 1 1 1 1.7733
34 1 6 1 1 1 1 1 0.8491
35 2 2 3 2 1 3 1 0.6188
36 1 4 1 2 1 1 1 2.8805
37 2 9 2 2 1 2 1 1.1650
38 2 9 1 2 1 1 1 1.3599
39 1 1 3 2 1 3 1 1.2839
40 1 6 1 2 1 1 1 1.3212
41 3 6 3 1 1 3 1 1.0142
42 1 1 2 2 1 2 1 0.8757
43 1 1 2 1 1 2 1 0.9853
44 3 1 3 1 1 2 0 1.1798
45 1 1 1 1 1 1 1 1.6610
46 3 5 2 2 1 2 1 1.9619
47 1 6 2 1 1 2 1 0.7679
48 1 6 3 2 1 3 1 0.9938
49 1 4 2 1 1 2 1 0.5026
50 3 7 3 2 1 3 1 0.2282
51 1 6 3 1 1 3 1 0.2344
52 3 6 1 2 1 1 1 0.5713
53 3 1 2 2 1 2 1 0.6785
54 1 1 3 1 1 3 1 1.9451
55 2 9 1 1 1 1 1 0.4117
56 1 4 1 1 1 1 1 0.9930
57 3 6 2 1 1 2 1 0.9899
58 3 7 2 1 1 2 1 1.1153
59 1 8 3 2 1 3 1 0.4725
60 1 8 3 1 1 3 1 1.2624
61 2 5 2 1 1 2 1 0.5542
62 2 5 3 1 1 3 1 0.9320
63 3 5 1 1 1 1 1 2.8234
64 1 4 2 2 1 2 1 0.2767
65 2 2 3 1 1 3 1 0.3616
66 1 4 3 2 1 3 1 2.3880
